1.107300671936830213e-07
1.107337388322739871e-07
1.107307775151350900e-07
1.107307250735051708e-07
1.107294805932826609e-07
1.107999264847791597e-07
1.116625840489132527e-07
1.121762088181388914e-07
1.130894809094877125e-07
1.128809501845561251e-07
1.118152373580763213e-07
1.121039134303195225e-07
1.114952521315128312e-07
1.114318844373042287e-07
1.112853986596417255e-07
1.111945142627411049e-07
1.111696413315089791e-07
1.111463301755428542e-07
1.110435253428389370e-07
1.110567258471540678e-07
1.110436707504767423e-07
1.110070384489403014e-07
1.109933654895941034e-07
1.109699288884550527e-07
1.109477817195937516e-07
1.109365425905912895e-07
1.109018347282909481e-07
1.108741095193020587e-07
1.108607672701543602e-07
1.108495328290249471e-07
1.108326666115553295e-07
1.108163535265628900e-07
1.108027754594258736e-07
1.107890276123899902e-07
1.107834862512971090e-07
1.107707712763242194e-07
1.107572827537571705e-07
1.107447142057686004e-07
1.107322810896578837e-07
1.107247828677411927e-07
1.107114391396507543e-07
1.106945585765512771e-07
1.106794274213799605e-07
1.106733425505642797e-07
1.106517261500943466e-07
1.106410470651730605e-07
1.106430020292549439e-07
1.105968325176666279e-07
1.105767808588494613e-07
1.105687163098205558e-07
1.105495308258222989e-07
1.105246581904108581e-07
1.105099642550148231e-07
1.104925261133808888e-07
1.104784052529494806e-07
1.104547191709920550e-07
1.104356029360510237e-07
1.104155460811253300e-07
1.103904762559236504e-07
1.103624913255535665e-07
1.103343567090945267e-07
1.103088360488530216e-07
1.102816812864894808e-07
1.102548063007452961e-07
1.102317128492661809e-07
1.102029383580877951e-07
1.101754646849665282e-07
1.101492267478275370e-07
1.101237327319115823e-07
1.100945263840917969e-07
1.100687966934204309e-07
1.100514833124129775e-07
1.100174160541017400e-07
1.099854064082830945e-07
1.099549039026048199e-07
1.099250963019399595e-07
1.098947828896084717e-07
1.098632979462313856e-07
1.098304194656433357e-07
1.097950442187156320e-07
1.097579799768088495e-07
1.097182406247854785e-07
1.096766303835067313e-07
1.096349020857695278e-07
1.095935121864487850e-07
1.095518470676914732e-07
1.095104136042654383e-07
1.094681817393076339e-07
1.094258687981247231e-07
1.093781357611997124e-07
1.093269270889197156e-07
1.092739952947552479e-07
1.092190276462767937e-07
1.091606903405805075e-07
1.091013172142145964e-07
1.090379656485269963e-07
1.089729600215899364e-07
1.089050111242388834e-07
1.088391917718091993e-07
1.087642771013404571e-07
1.086874784048159309e-07
1.086068820160131676e-07
1.085231419577497028e-07
1.084356724882913268e-07
1.083445758289376916e-07
1.082492269586703194e-07
1.081499541491849658e-07
1.080457675856973049e-07
1.079384215141899365e-07
1.078285556707908344e-07
1.077147319681872054e-07
1.075959161067978505e-07
1.074713504433979870e-07
1.073411508695157259e-07
1.072051876444094739e-07
1.070639560553082183e-07
1.069179724068355983e-07
1.067648731971936304e-07
1.066065503701311023e-07
1.064434501204527439e-07
1.062753046771585918e-07
1.061064588176841203e-07
1.059236886916969077e-07
1.057369037670726214e-07
1.055442733511368263e-07
1.053457021024371737e-07
1.051382940871638519e-07
1.049215951722378812e-07
1.046964790402393362e-07
1.044632631396143644e-07
1.042223730661115915e-07
1.039746112281954088e-07
1.037209601236949940e-07
1.034590660751077892e-07
1.031893411911964107e-07
1.029124015066433217e-07
1.026279837383553002e-07
1.023360153472962921e-07
1.020363315087841149e-07
1.017285298622582414e-07
1.014128705650836456e-07
1.010870033553884174e-07
1.007526264510557073e-07
1.004105764377208014e-07
1.000606549189541449e-07
9.970362039192042608e-08
9.934038571149779763e-08
9.897026441055608563e-08
9.858885432572930915e-08
9.819941543792547153e-08
9.780144358248845990e-08
9.739440958996822154e-08
9.697928850055368033e-08
9.655958114232391651e-08
9.613231536719617562e-08
9.571380901566846969e-08
9.528622275799798726e-08
9.484713116434390095e-08
9.439875321078864990e-08
9.394123794036640263e-08
9.347390783906201044e-08
9.299773062557010504e-08
9.258430217799522632e-08
9.205585143196242714e-08
9.153789995792140501e-08
9.102611837385498670e-08
9.050635713486479885e-08
8.997954721516807406e-08
8.945100582004628203e-08
8.891456157791265470e-08
8.837605057001205876e-08
8.783448460422440131e-08
8.728515101570655401e-08
8.673039379674012044e-08
8.617041008739683470e-08
8.560630525534655262e-08
8.503902001090490509e-08
8.446954860672022677e-08
8.387782131880441202e-08
8.330343475633796737e-08
8.272961740449132018e-08
8.215192032182107032e-08
8.157267719320825982e-08
8.099076469337132847e-08
8.040560464531846149e-08
7.981611089957616798e-08
7.922491531167510923e-08
7.863072915595910177e-08
7.803462268012359844e-08
7.743859663961875833e-08
7.684024410388074620e-08
7.624286087941267250e-08
7.564706605099637650e-08
7.505351329353519007e-08
7.446057156014839348e-08
7.386949939535119363e-08
7.328058322018750070e-08
7.269147658864496940e-08
7.210439112394951802e-08
7.152098131427538176e-08
7.094109358817858633e-08
7.036569760598044217e-08
6.979451194974349764e-08
6.922699311456599998e-08
6.866270801679409284e-08
6.810186062446771319e-08
6.754561454673212391e-08
6.699236505485987139e-08
6.644465987317925711e-08
6.590494013941488748e-08
6.537162277576287040e-08
6.484600526379732262e-08
6.432738417466660537e-08
6.381383143505455850e-08
6.330363757105626138e-08
6.279583226293329536e-08
6.228899410484686402e-08
6.178475746917181319e-08
6.128316385578617506e-08
6.078165924065949239e-08
6.028841222109820698e-08
5.980289516076760695e-08
5.932685920650744369e-08
5.886081331487769879e-08
5.840963396136693387e-08
5.796820699217794502e-08
5.754062990325688638e-08
5.712348257934802619e-08
5.671505381914057150e-08
5.631473503065055217e-08
5.592058413252117790e-08
5.553124418872655181e-08
5.514631193815681077e-08
5.476634645614265409e-08
5.439229705349290365e-08
5.402508913174100061e-08
5.366572884199410532e-08
5.331512915898000700e-08
5.297397588659885253e-08
5.264264811076207533e-08
5.232121723823026848e-08
5.200970222386149538e-08
5.170803756446322332e-08
5.141609855876267440e-08
5.113383420978392859e-08
5.086122399463711666e-08
5.059813847107448692e-08
5.034432390186092448e-08
5.009940754448319255e-08
4.986284510798875465e-08
4.963409904596093556e-08
4.941286489830734902e-08
4.919889868026507382e-08
4.899213540258967722e-08
4.879265849466436499e-08
4.860060208707631551e-08
4.841612301696260676e-08
4.823924541012874869e-08
4.806989662600722328e-08
4.790811231992023198e-08
4.775395530901862380e-08
4.760749313583784563e-08
4.746864900226395731e-08
4.733732532082023041e-08
4.721320961817561441e-08
4.709602287422809880e-08
4.698560473522230940e-08
4.688179691095475549e-08
4.678442718862418317e-08
4.669342879270945937e-08
4.660873993656426047e-08
4.653008454865386619e-08
4.645719434961337109e-08
4.638995844876379311e-08
4.632830783715881114e-08
4.627215396775215386e-08
4.622129716798062220e-08
4.617563769328281168e-08
4.613498279512908773e-08
4.609920509523418129e-08
4.606813583558569336e-08
4.604173805607814596e-08
4.601977622111330465e-08
4.600198931473696590e-08
4.598825843923221452e-08
4.597845009614568515e-08
4.597232234927597444e-08
4.596973891651080810e-08
4.597043606703835053e-08
4.597421617967446971e-08
4.598097129393830703e-08
4.599061953881273791e-08
4.600300863312924974e-08
4.601808768559012201e-08
4.603580597434046081e-08
4.605620400314335692e-08
4.607915181551940777e-08
4.610430493206125587e-08
4.613144174060482204e-08
4.616047652886957525e-08
4.619131585407324455e-08
4.622392580701425042e-08
4.625842643248491125e-08
4.629470066812670690e-08
4.633284553654329504e-08
4.637254950141786174e-08
4.641357991958970617e-08
4.645583919002587362e-08
4.649948021789706094e-08
4.654492532833204298e-08
4.659213671329461900e-08
4.664100124292610207e-08
4.669135408545803882e-08
4.674268956233723989e-08
4.679478852600874574e-08
4.684730766510544842e-08
4.690027830121805071e-08
4.695418724018193762e-08
4.700952778132833040e-08
4.706658171862580571e-08
4.712555215835223118e-08
4.718602394517759658e-08
4.724729970528515875e-08
4.730869685546350524e-08
4.736991832093851426e-08
4.743114921495566131e-08
4.749292359489616589e-08
4.755575485331897080e-08
4.761989453565591813e-08
4.768548374234016296e-08
4.775236267886313109e-08
4.782019250390906785e-08
4.788880013997598830e-08
4.795794125344191540e-08
4.802777550888491031e-08
4.809834519979386244e-08
4.816961203285364452e-08
4.824171999348206778e-08
4.831492181195693322e-08
4.838948187314339482e-08
4.846530875691452767e-08
4.854229305674562525e-08
4.862048003591151235e-08
4.869957650491096963e-08
4.877960355745527884e-08
4.886075193528081011e-08
4.894299354132752480e-08
4.902623124960441262e-08
4.911044516506859022e-08
4.919564097265812783e-08
4.928176542678071895e-08
4.936898005334289625e-08
4.945799750924328948e-08
4.954973232485789843e-08
4.964370079493412916e-08
4.974012097676850964e-08
4.983812101661881440e-08
4.993761694562448890e-08
5.003847249116438876e-08
5.013904281744253614e-08
5.023895779159458157e-08
5.033835087380715867e-08
5.043777249367281610e-08
5.053767148708232915e-08
5.063845948708273343e-08
5.074040425850970365e-08
5.084370013172325716e-08
5.094836837024303010e-08
5.105460350357322229e-08
5.116231002045708779e-08
5.127144866416398691e-08
5.138201338249813285e-08
5.149389371166951858e-08
5.160721977909106522e-08
5.172176676996591565e-08
5.183759332805808062e-08
5.195480246012535749e-08
5.207344107520516103e-08
5.219382542999131045e-08
5.231578262815240750e-08
5.243959460552076707e-08
5.256512426195984905e-08
5.269238858857952862e-08
5.282138059180469074e-08
5.295193593131926263e-08
5.308438142012114844e-08
5.321908611720015306e-08
5.335597973238822374e-08
5.349524719299914329e-08
5.363662587502091632e-08
5.378004219554219071e-08
5.392598967614569366e-08
5.407492479090046600e-08
5.422673168111278849e-08
5.438133283471222007e-08
5.453861033612892251e-08
5.469892728001131678e-08
5.486263254349090996e-08
5.502998359220275583e-08
5.520095769650701531e-08
5.537561810212916757e-08
5.555417965172198246e-08
5.573691187889270140e-08
5.592398163153433430e-08
5.611560660301065423e-08
5.631190018768108324e-08
5.651293859619109946e-08
5.671897869643692748e-08
5.693011074734016994e-08
5.714684043905099575e-08
5.736944291824059607e-08
5.759799150222747788e-08
5.783294107146192992e-08
5.807455149674050790e-08
5.832291467734524668e-08
5.857865916431070537e-08
5.884246996865618373e-08
5.911460840607542771e-08
5.939468422899562397e-08
5.968291888436340925e-08
5.997932348433111420e-08
6.028428754733595618e-08
6.059900725754870339e-08
6.092467033092974264e-08
6.126233215981794772e-08
6.161167045558956487e-08
6.197212482526628548e-08
6.234514549159001350e-08
6.273153707611219373e-08
6.313147849678601287e-08
6.354411558941438464e-08
6.396951608462922002e-08
6.440809945284846215e-08
6.486062302923287702e-08
6.532857730188057341e-08
6.581241324194791704e-08
6.631330116027099462e-08
6.683259159301207991e-08
6.737157430272018443e-08
6.793055156267542430e-08
6.851032660064195593e-08
6.911119681433793759e-08
6.973405619892572630e-08
7.037955838347474827e-08
7.104785262851174243e-08
7.173918105613434198e-08
7.245467994714125289e-08
7.319589010111776137e-08
7.396384259850883081e-08
7.475833000930480857e-08
7.558147385061881047e-08
7.643732552306134649e-08
7.732863329387640942e-08
7.825510777416258300e-08
7.921676636226353626e-08
8.021299218688941808e-08
8.125114706510015445e-08
8.234364548597768440e-08
8.350366201070776298e-08
8.473480404482303916e-08
8.603045121133033124e-08
8.738708351239600830e-08
8.881148846589086881e-08
9.031814634730757144e-08
9.190105886652399144e-08
9.356102289994332374e-08
9.531112113006843498e-08
9.716582130095685172e-08
9.912237736476189777e-08
1.011682622315476997e-07
1.033095132134283974e-07
1.055520349976561398e-07
1.078683995845200611e-07
1.102236389400260131e-07
1.126655205077003158e-07
1.151459246148138419e-07
1.176490761725475278e-07
1.201835854250313286e-07
1.227741187004801167e-07
1.254283157891740401e-07
1.281478673433505866e-07
1.309356787953953557e-07
1.337906100320694067e-07
1.367169155791699499e-07
1.397218937387621728e-07
1.428163527691395389e-07
1.460070905973512196e-07
1.493000324446869542e-07
1.526975099589402412e-07
1.562082365851816591e-07
1.598326159810605907e-07
1.635759194077090711e-07
1.674419472522306798e-07
1.714320421378808599e-07
1.755400871536728931e-07
1.797621116130102088e-07
1.841004212528023095e-07
1.885568501840602569e-07
1.931347182047684396e-07
1.978495617932836085e-07
2.027107017731899600e-07
2.077262353941978001e-07
2.129009898947652869e-07
2.182391160953320728e-07
2.237450744672315263e-07
2.294245692242788690e-07
2.352839095972309322e-07
2.413374686221543713e-07
2.475843270400517117e-07
2.540257405563794785e-07
2.606633701452656757e-07
2.675006789146947903e-07
2.745479603561297533e-07
2.818101418768409256e-07
2.892973155286972969e-07
2.970247412408363895e-07
3.050107722384521070e-07
3.132738651953509869e-07
3.218262088178487177e-07
3.306744151955068081e-07
3.398347514541921643e-07
3.493130394874467172e-07
3.591275128781532965e-07
3.692780811301645149e-07
3.797774195513431532e-07
3.906455558962339577e-07
4.018764727410766526e-07
4.134708358583212701e-07
4.254309726846948980e-07
4.377766036965185863e-07
4.505215951999777579e-07
4.636877683949783403e-07
4.772860993385700191e-07
4.913045504601411723e-07
5.057437606774647947e-07
5.206071526962043776e-07
5.359213358160600453e-07
5.517195173501996456e-07
5.680420543477716997e-07
5.848838670068062592e-07
6.022422250606921302e-07
6.201057965846558713e-07
6.384977019207520560e-07
6.574738987882517481e-07
6.770939971160947365e-07
6.974175775113931833e-07
7.184577539322760577e-07
7.402065658001632417e-07
7.626782468421250143e-07
7.858591037530868812e-07
8.097817691399810889e-07
8.345155312249555651e-07
8.601046430633765272e-07
8.865684515742413508e-07
9.139072205508028506e-07
9.421095317743788050e-07
9.712076946776941987e-07
1.001250344674715661e-06
1.032285939054236340e-06
1.064415893493749775e-06
1.097684967205994057e-06
1.132112934552105650e-06
1.167698777940475046e-06
1.204447227963111787e-06
1.242386662111209984e-06
1.281572233020235307e-06
1.322074667081264891e-06
1.363927983367044734e-06
1.407160800646677838e-06
1.451768103821808131e-06
1.497792719177712843e-06
1.545263779368004321e-06
1.594199241123654337e-06
1.644675217241229367e-06
1.696754784293674674e-06
1.750450850062234284e-06
1.805829832186142416e-06
1.862971229793091901e-06
1.921946991287711752e-06
1.982817435390718222e-06
2.045668670475098470e-06
2.110567985764417141e-06
2.177593052581753570e-06
2.246823191091516172e-06
2.318367211188599371e-06
2.392287639444076188e-06
2.468681897384254432e-06
2.547658796488725104e-06
2.629270394180341293e-06
2.713565164100052378e-06
2.800609497531263258e-06
2.890524771223719898e-06
2.983385209913160512e-06
3.079239205251040989e-06
3.178157764074893820e-06
3.280213864085446834e-06
3.385501643437522751e-06
3.494123530428392575e-06
3.606201067818618001e-06
3.721823043186254430e-06
3.841106266594675597e-06
3.964162905801835797e-06
4.091105811814237210e-06
4.222063028469576346e-06
4.357160939302783202e-06
4.496505854184148685e-06
4.640268390825551519e-06
4.788581198291037947e-06
4.941644829093604054e-06
5.099694875925213032e-06
5.262994560746972109e-06
5.431729482800463103e-06
5.606088008842013544e-06
5.786214075035992224e-06
5.972268694960241147e-06
6.164409385917488579e-06
6.362842163380693919e-06
6.567812473705647760e-06
6.779516050822246691e-06
6.998124071054162394e-06
7.223754903756502675e-06
7.456599492063264213e-06
7.696907719465687382e-06
7.944909941755806977e-06
8.200820882503616620e-06
8.464833083390557240e-06
8.737106555245044851e-06
9.017904686167509172e-06
9.307576590158282969e-06
9.606480354278259579e-06
9.914977536318344393e-06
1.023335286169841946e-05
1.056187513980330928e-05
1.090081775955148837e-05
1.125057075879766228e-05
1.161158613409019527e-05
1.198435974168089458e-05
1.236937502749830508e-05
1.276710088094446538e-05
1.317792239593487841e-05
1.360218501951315792e-05
1.404025082132625112e-05
1.449245507609105587e-05
1.495911838027177881e-05
1.544058660702807685e-05
1.593721091309057805e-05
1.644936723595568975e-05
1.697754105916178546e-05
1.752231076786433584e-05
1.808426313207370489e-05
1.866396445280087702e-05
1.926198322641820845e-05
1.987900869626178649e-05
2.051579573409419952e-05
2.117302436136816641e-05
2.185135200274440460e-05
2.255141188649836952e-05
2.327382552050858916e-05
2.401911986662525684e-05
2.478777051880142029e-05
2.558014348725405650e-05
2.639671474208870166e-05
2.723819341500377257e-05
2.810537857564370288e-05
2.899917428069543690e-05
2.992053336564340103e-05
3.087045524267593435e-05
3.185000999919652726e-05
3.286024861155546929e-05
3.390212185239078910e-05
3.497650589283607766e-05
3.608424789791783266e-05
3.722636077642530107e-05
3.840393443898960365e-05
3.961803427617491507e-05
4.086973151762883819e-05
4.216017054916505090e-05
4.349058886467878533e-05
4.486224842167760253e-05
4.627624258113227374e-05
4.773352777615134658e-05
4.923515619482455620e-05
5.078251552776172454e-05
5.237729590056308199e-05
5.402126804023818133e-05
5.571596372390492984e-05
5.746257396946580725e-05
5.926172852202735955e-05
6.111379841438244176e-05
6.301937665503938005e-05
6.497952151062053852e-05
6.699598667762526882e-05
6.907106174315528308e-05
7.120700296100379502e-05
7.340593790527940763e-05
7.566992616914335512e-05
7.800059162400100883e-05
8.039929769915159913e-05
8.286743260018500823e-05
8.540679208722301618e-05
8.801977974006147112e-05
9.070896737380020492e-05
9.347703747296762678e-05
9.632628330199433022e-05
9.925821758243109395e-05
1.022737929991587174e-04
1.053737559680481252e-04
1.085593349378825389e-04
1.118326246058245772e-04
1.151962355713994366e-04
1.186526061169838756e-04
1.222040648659329079e-04
1.258528526228210335e-04
1.296008702511574923e-04
1.334498227215706687e-04
1.374016936482869698e-04
1.414596405205872009e-04
1.456274633115018009e-04
1.499082678805549527e-04
1.543038265688346209e-04
1.588151906070240098e-04
1.634439971538184059e-04
1.681936676608139719e-04
1.730685716249984109e-04
1.780728538912202492e-04
1.832095991388961703e-04
1.884800285295273306e-04
1.938831495471368812e-04
1.994184526468339221e-04
2.050883451932029053e-04
2.108963868067201394e-04
2.168458631716592996e-04
2.229396121743460065e-04
2.291808295322359770e-04
2.355729018718792612e-04
2.421176414915777661e-04
2.488164268347707185e-04
2.556715831501030884e-04
2.626853907639014577e-04
2.698598111873592607e-04
2.771947803402691028e-04
2.846896684662031515e-04
2.923478312095521272e-04
3.001737823843279927e-04
3.081709561766415796e-04
3.163414240803145245e-04
3.246875833252875856e-04
3.332121422759952867e-04
3.419189510309767095e-04
3.508063895261453362e-04
3.598726477809893439e-04
3.691198144896996446e-04
3.785501265309589003e-04
3.881634857781846222e-04
3.979588011290741177e-04
4.079364086573133031e-04
4.180975728379229079e-04
4.284405152226598758e-04
4.389649514496718908e-04
4.496772545290247535e-04
4.605831294092247960e-04
4.716816567018586358e-04
4.829697205146089444e-04
4.944466054876134461e-04
5.061153026224282170e-04
5.179688263231947091e-04
5.300037476328877013e-04
5.422207740320491177e-04
5.546202956309434712e-04
5.671961425626669212e-04
5.799483452245072362e-04
5.928853435232543569e-04
6.060109099045750056e-04
6.193235929361443765e-04
6.328210011505360378e-04
6.464978377651509804e-04
6.603435696956369951e-04
6.743498765184315980e-04
6.885142694896309026e-04
7.028384853530149487e-04
7.173201703407985647e-04
7.319594530653657314e-04
7.467594401026307139e-04
7.617202270191740943e-04
7.768317662777339365e-04
7.920882057496154071e-04
8.074875149595189990e-04
8.230224819235587531e-04
8.386873196610372932e-04
8.544789771134835357e-04
8.703949227884216593e-04
8.864312121596188906e-04
9.025816594922075452e-04
9.188447967550666950e-04
9.352209333365706350e-04
9.517047105486236766e-04
9.682895531544494358e-04
9.849717866212209186e-04
1.001741373795699257e-03
1.018590896449360047e-03
1.035514505641344733e-03
1.052523974788367950e-03
1.069629146739432346e-03
1.086826352222817907e-03
1.104103522234845154e-03
1.121459248367321715e-03
1.138892330146924628e-03
1.156399490170403844e-03
1.174018735328944633e-03
1.191865427361239998e-03
1.209784981846435091e-03
1.227755231963786149e-03
1.245745778865779089e-03
1.263733686566290322e-03
1.281694257770723709e-03
1.299603368655385602e-03
1.317438727133913180e-03
1.335183235806685145e-03
1.352819411180106136e-03
1.370330289447698130e-03
1.387700951904461463e-03
1.404912856117923863e-03
1.421944274225996150e-03
1.438774458154481453e-03
1.455385567941728815e-03
1.471760364952311119e-03
1.487879558105393392e-03
1.503725512958109826e-03
1.519280775027481885e-03
1.534529343411756034e-03
1.549454633309939669e-03
1.564040674133568027e-03
1.578272781954166270e-03
1.592135551156193766e-03
1.605613032463992741e-03
1.618688951281274961e-03
1.631348250945001020e-03
1.643576040697145848e-03
1.655357677592105134e-03
1.666679162035187905e-03
1.677528054979207780e-03
1.687891858544785352e-03
1.697759517562945917e-03
1.707120334491418843e-03
1.715962869416840083e-03
1.724276343994134673e-03
1.732050832995683234e-03
1.739277159818906167e-03
1.745947334663536330e-03
1.752054535861764101e-03
1.757592588323003040e-03
1.762555751508299452e-03
1.766939377916726265e-03
1.770739932638652411e-03
1.773954727784558859e-03
1.776581580843240426e-03
1.778619224952463071e-03
1.780067533244177307e-03
1.780927856581658976e-03
1.781203349251300923e-03
1.780898638867889957e-03
1.780020774721034716e-03
1.778578625705251777e-03
1.776584116296777869e-03
1.774052796672479860e-03
1.771006017350132064e-03
1.767474101747911310e-03
1.763500114689254931e-03
1.759146915985309581e-03
1.754510382395772740e-03
1.749739435921207923e-03
1.745055669219694331e-03
1.740742533628380400e-03
1.737062859931240303e-03
1.734155704647464538e-03
1.732024909760732437e-03
1.730606403065641178e-03
1.729817082377818355e-03
1.729574772087425676e-03
1.729816390538803676e-03
1.730471169975142170e-03
1.731489338535715421e-03
1.732881665494514015e-03
1.734526441955763993e-03
1.736447661553376437e-03
1.738596139321057533e-03
1.740916917291568996e-03
1.743443089068051448e-03
1.746074881778377982e-03
1.748856732420920592e-03
1.751832337816821000e-03
1.754861924695563530e-03
1.757907140140981244e-03
1.761044790898694430e-03
1.764269667669293284e-03
1.767458408819709819e-03
1.770612876147073479e-03
1.773816988730432271e-03
1.776990044101212042e-03
1.780057064062477148e-03
1.783077927729587262e-03
1.786069542087345436e-03
1.788921819958093785e-03
1.791641167162545808e-03
1.794295068547418831e-03
1.796797487086874024e-03
1.799101368365517775e-03
1.801275694327446634e-03
1.803291583905303284e-03
1.805067103978078794e-03
1.806645665049108401e-03
1.808051336011945454e-03
1.809192443795660642e-03
1.810073668809449596e-03
1.810746724237693268e-03
1.811135930084107780e-03
1.811213917152418350e-03
1.811039852438658688e-03
1.810569687948614028e-03
1.809750216996528979e-03
1.808633259562075855e-03
1.807211685263580662e-03
1.805418718871734532e-03
1.803286232343789038e-03
1.800836477846287816e-03
1.798002961393231017e-03
1.794796979114819148e-03
1.791261770121004449e-03
1.787343114689420986e-03
1.783024097736553900e-03
1.778358758594338236e-03
1.773298879476677440e-03
1.767636905637431748e-03
1.761786601823230785e-03
1.755824037763769772e-03
1.749050187541785744e-03
1.742157786885697914e-03
1.735053166899836689e-03
1.727163898369446417e-03
1.719239609868509870e-03
1.711029162919267032e-03
1.702088777083755888e-03
1.693194654342098163e-03
1.683953533777735089e-03
1.674057778837290730e-03
1.664280437696311890e-03
1.654118532024054797e-03
1.643399805429836139e-03
1.632863169809508925e-03
1.621925102662287932e-03
1.610545705564756045e-03
1.599400571070050360e-03
1.587856929340501159e-03
1.576000301503576156e-03
1.564418755408291837e-03
1.552458627237346097e-03
1.540321575350923249e-03
1.528488027662651405e-03
1.516310780228635052e-03
1.504095625096474797e-03
1.492201885036239031e-03
1.480011816447708529e-03
1.467919019520812956e-03
1.456154140709573419e-03
1.444152985863570229e-03
1.432377350783521240e-03
1.420932961873537168e-03
1.409314068913811993e-03
1.398027971192782699e-03
1.387047825349205839e-03
1.375973716147140891e-03
1.365348942094385745e-03
1.354991798051651073e-03
1.344637750483902109e-03
1.334750842774139971e-03
1.325110051753667978e-03
1.315572844977704221e-03
1.306522098746483061e-03
1.297722778116173125e-03
1.289087479523492487e-03
1.280970587541429553e-03
1.273096860585552726e-03
1.265446394597686923e-03
1.258333038385285336e-03
1.251453089284861649e-03
1.244852790909271954e-03
1.238797482893997607e-03
1.232967855481829217e-03
1.227472050407914456e-03
1.222519918182280677e-03
1.217788839552993562e-03
1.213441222935816074e-03
1.209627307890194904e-03
1.206032789936993099e-03
1.202915509344021101e-03
1.200256608313648391e-03
1.197823797689265756e-03
1.195882464010482055e-03
1.194403544344337965e-03
1.193159513676100196e-03
1.192434051720839662e-03
