1.107132141072662959e-07
1.107252463243644507e-07
1.107206438168938255e-07
1.107140457630839080e-07
1.107047096694143081e-07
1.106925390836555341e-07
1.106803605168135311e-07
1.106664922590734223e-07
1.106431625202437573e-07
1.106170091269706193e-07
1.105911021102186007e-07
1.105688955463333313e-07
1.105391393043980410e-07
1.105104592511801550e-07
1.104774977128286039e-07
1.104416173480257914e-07
1.104047384621747041e-07
1.103682189326557056e-07
1.103334568112046174e-07
1.102971988820936545e-07
1.102604808117775866e-07
1.102255029181878083e-07
1.101920214375937725e-07
1.101608466953660469e-07
1.101315659553867321e-07
1.101045881216810275e-07
1.100813367328674969e-07
1.100594399228090547e-07
1.100361160218132994e-07
1.100149306783901370e-07
1.099963868860691340e-07
1.099816001745011915e-07
1.099713903793464561e-07
1.099647948459759820e-07
1.099591396412828344e-07
1.099552364595897176e-07
1.099529419580260301e-07
1.099522859404456257e-07
1.099513678511835518e-07
1.099492795884760544e-07
1.099464960186727718e-07
1.099405660057812436e-07
1.099307309326589323e-07
1.099164566825892457e-07
1.098965175927210486e-07
1.098699146841939431e-07
1.098362459626350050e-07
1.097934301144191236e-07
1.097391008262751670e-07
1.096715713577116055e-07
1.095899893365829846e-07
1.094936439949936316e-07
1.093810740577976991e-07
1.092507290229465325e-07
1.091014564610875515e-07
1.089323740677451449e-07
1.087422540241616315e-07
1.085301194648167955e-07
1.082949738513744271e-07
1.080363757065053630e-07
1.077546257340138347e-07
1.074478132008889846e-07
1.071159320618991520e-07
1.067582341591782007e-07
1.063735544058117317e-07
1.059628724601184543e-07
1.055252811148538168e-07
1.050611251971575398e-07
1.045694034592634288e-07
1.040521215381774706e-07
1.035136460120311461e-07
1.029529499219275036e-07
1.023706708088540270e-07
1.017660691238679393e-07
1.011404868122594063e-07
1.004973578105438940e-07
9.983683087360916314e-08
9.916048792560667707e-08
9.847001105713850783e-08
9.776615013280962265e-08
9.705122901630396497e-08
9.632796547608769871e-08
9.559842987094917521e-08
9.486436626848611036e-08
9.412825504345380209e-08
9.339218655245813511e-08
9.265931355612291591e-08
9.193006216873485581e-08
9.120802186090288870e-08
9.049614941667632824e-08
8.979742872908470531e-08
8.911445407688054070e-08
8.844990133644996967e-08
8.780503351477998396e-08
8.718633710026023489e-08
8.659416027015870917e-08
8.603202299127578870e-08
8.550243318562057616e-08
8.500829033675512283e-08
8.455108832504091499e-08
8.413387593484081695e-08
8.375876523986495754e-08
8.342962592422159351e-08
8.314577255173526775e-08
8.290890275551944807e-08
8.271894681835790785e-08
8.257914913678491444e-08
8.249132487382034238e-08
8.245610243606859538e-08
8.247398663662716071e-08
8.254515070025771875e-08
8.266990309133056384e-08
8.284858071705034303e-08
8.308215678488578177e-08
8.337147901688756360e-08
8.371746158886912289e-08
8.412180199409886726e-08
8.458499574208606250e-08
8.510838979229678328e-08
8.569320730480891708e-08
8.633866980072803180e-08
8.704345032937637008e-08
8.780860742358094685e-08
8.863752200651536668e-08
8.953617895036661156e-08
9.050272225378913387e-08
9.153534688476556831e-08
9.263352811683303048e-08
9.380213273932587635e-08
9.504607277454796979e-08
9.636808578766224776e-08
9.777442781627771003e-08
9.926940060629139581e-08
1.008501290918143724e-07
1.025515252830856784e-07
1.042864815607319426e-07
1.061578646411550908e-07
1.081542829846199706e-07
1.102457243734044540e-07
1.124634130186468962e-07
1.147282994390948317e-07
1.170625988888388060e-07
1.194467871370858163e-07
1.218694277507202236e-07
1.243412649264510670e-07
1.268530663086341947e-07
1.294002985345867688e-07
1.319999541917027029e-07
1.346372754983252405e-07
1.373051106982043082e-07
1.400072967598934329e-07
1.427458718307595733e-07
1.455152601079145715e-07
1.483183831031329099e-07
1.511574037864066576e-07
1.540287711250091711e-07
1.569295952806442530e-07
1.598646924125849611e-07
1.628296764691792775e-07
1.658260431153574593e-07
1.688593828704816775e-07
1.719239277773852642e-07
1.750222591279787940e-07
1.781510932481463601e-07
1.813224060343618017e-07
1.845280721430381555e-07
1.877623736557195585e-07
1.910419504588470136e-07
1.943496728009918274e-07
1.976948672143183327e-07
2.010794522570591688e-07
2.045034083999689437e-07
2.079655649058766479e-07
2.114741831441095339e-07
2.150181967848042918e-07
2.186033050974574239e-07
2.222288301266824491e-07
2.259061633978954148e-07
2.296203659564005854e-07
2.333738629981890057e-07
2.371820421489500351e-07
2.410292361110462474e-07
2.449226856778013737e-07
2.488649592238905103e-07
2.528575311403724105e-07
2.568980581596881310e-07
2.609876126073125410e-07
2.651274203830454550e-07
2.693152474030435773e-07
2.735460504446771326e-07
2.778206557822749252e-07
2.821350321102996131e-07
2.864849664525133990e-07
2.908768789693415655e-07
2.953027589472467946e-07
2.997646706746298516e-07
3.042602876179072345e-07
3.087963895019631490e-07
3.133721916739499303e-07
3.179862708773832224e-07
3.226384922293234948e-07
3.273454893637737288e-07
3.320970104535996121e-07
3.368990424324021916e-07
3.417620644982725117e-07
3.466855450431601160e-07
3.516832877586585014e-07
3.567507561320844693e-07
3.618934096238448459e-07
3.671200647987150000e-07
3.724264109516057365e-07
3.778200574679078021e-07
3.833049883106995065e-07
3.888810187725782870e-07
3.945526101722624545e-07
4.003107407098006928e-07
4.061310283201630168e-07
4.120007685302255420e-07
4.179157357451643311e-07
4.238808784538338109e-07
4.298852924208578637e-07
4.359348432231609995e-07
4.420333265427461446e-07
4.481808705963911996e-07
4.543744200139912945e-07
4.606348352864303640e-07
4.669514612954358689e-07
4.733340463683913345e-07
4.797888960887947838e-07
4.863234369147582076e-07
4.929359970978913892e-07
4.996224039281647323e-07
5.064120436659665183e-07
5.133010079120884365e-07
5.202709398461951830e-07
5.273271272522809863e-07
5.344737847368789687e-07
5.417122118124043063e-07
5.490430745660824208e-07
5.564676161374026543e-07
5.639874315141259783e-07
5.716041946846726429e-07
5.793194648649411196e-07
5.871346225853208115e-07
5.950508466939746459e-07
6.030692753699452696e-07
6.111908562855244739e-07
6.194163104725100559e-07
6.277460946645248346e-07
6.361805496233719944e-07
6.447197946894582030e-07
6.533637179249235087e-07
6.621120349398810039e-07
6.709643514523818491e-07
6.799199994984876370e-07
6.889780434667312087e-07
6.981372452237338420e-07
7.073960833050164322e-07
7.167527498163845179e-07
7.262052784883138715e-07
7.357518105060891713e-07
7.453905634379411903e-07
7.551199811146309129e-07
7.649388920464322518e-07
7.748464431109363230e-07
7.848421483196623879e-07
7.949259237541448981e-07
8.050981009525034974e-07
8.153593901105972251e-07
8.257108809868287102e-07
8.361539568937741146e-07
8.466901380833930317e-07
8.573210986354081339e-07
8.680487031637344871e-07
8.788749162890976651e-07
8.898018155918570256e-07
9.008316387172293963e-07
9.119667674281256610e-07
9.232097130004633113e-07
9.345630279817742311e-07
9.460293422632533437e-07
9.576113752931718887e-07
9.693118824347079890e-07
9.811337372346995964e-07
9.930797223921286024e-07
1.005152717801684107e-06
1.017355581804669345e-06
1.029691160425520742e-06
1.042162218814372106e-06
1.054771488122523487e-06
1.067521721827790968e-06
1.080415680899013647e-06
1.093456027797205638e-06
1.106645416950278767e-06
1.119986431906129678e-06
1.133481615103918175e-06
1.147133349230024239e-06
1.160944139029520260e-06
1.174916274924463536e-06
1.189051947156740315e-06
1.203353218294968966e-06
1.217822016759438560e-06
1.232460179879617802e-06
1.247269429041515061e-06
1.262251239306128730e-06
1.277407144817528372e-06
1.292738467093962230e-06
1.308246401560908076e-06
1.323932079948231727e-06
1.339796861542908535e-06
1.355842435394974946e-06
1.372070541283290521e-06
1.388482914490437144e-06
1.405081594232361722e-06
1.421868570949619027e-06
1.438846197359514947e-06
1.456016907411987231e-06
1.473383271901629021e-06
1.490948100851296047e-06
1.508714461176498264e-06
1.526685512568796699e-06
1.544864608523461455e-06
1.563255234823484538e-06
1.581861067044490787e-06
1.600685601120473866e-06
1.619732591405364651e-06
1.639005669116909628e-06
1.658508565583160084e-06
1.678245123656391639e-06
1.698219297876580117e-06
1.718435259250130982e-06
1.738897361548579031e-06
1.759609915453366683e-06
1.780577277980984851e-06
1.801803962043164825e-06
1.823294097876932630e-06
1.845052109611695796e-06
1.867082565100227133e-06
1.889390064521296501e-06
1.911979350215010337e-06
1.934855051190562081e-06
1.958021707897980077e-06
1.981484088285592708e-06
2.005246764720353770e-06
2.029314607886293282e-06
2.053692585388640761e-06
2.078385980468714834e-06
2.103399800314235847e-06
2.128739157729315380e-06
2.154409138291772334e-06
2.180414829319618375e-06
2.206761114392819960e-06
2.233452660429679160e-06
2.260493819231199255e-06
2.287889127122075015e-06
2.315642230177682092e-06
2.343757120580887783e-06
2.372238557339601686e-06
2.401093088187881325e-06
2.430327428415073903e-06
2.459948878495092036e-06
2.489965382442794816e-06
2.520384462298059678e-06
2.551213283194803427e-06
2.582458298438182821e-06
2.614125166766653872e-06
2.646219486892734957e-06
2.678746676597206285e-06
2.711712378617949523e-06
2.745122654587744726e-06
2.778983727575245420e-06
2.813301979580651572e-06
2.848083674087584222e-06
2.883334849405896162e-06
2.919061798690337197e-06
2.955270979355184814e-06
2.991968883192396964e-06
3.029161913304575636e-06
3.066856597830638431e-06
3.105059689798053183e-06
3.143778045168247167e-06
3.183018710897662816e-06
3.222788778182565282e-06
3.263095148375581098e-06
3.303944988940511469e-06
3.345345150687244057e-06
3.387302729954119726e-06
3.429825339016771975e-06
3.472920669007042805e-06
3.516596382713972682e-06
3.560860080488645793e-06
3.605719271408996396e-06
3.651181565777346085e-06
3.697254707067717185e-06
3.743946912754603209e-06
3.791266801526318933e-06
3.839223292114831218e-06
3.887824796977202451e-06
3.937080063320424263e-06
3.986997365129990524e-06
4.037585453009605944e-06
4.088853602046355545e-06
4.140811168441404202e-06
4.193467167583244622e-06
4.246830834716387836e-06
4.300911614638218754e-06
4.355718886431015016e-06
4.411262282346740337e-06
4.467551719977915731e-06
4.524597169140553316e-06
4.582408713527893068e-06
4.640995918465257333e-06
4.700368852020364379e-06
4.760537297149146063e-06
4.821512190644048155e-06
4.883304542572414772e-06
4.945924470294812764e-06
5.009382716787961968e-06
5.073690320324068719e-06
5.138858765065990927e-06
5.204899829008608438e-06
5.271825440007949438e-06
5.339647199209803592e-06
5.408376118755145695e-06
5.478024536436675941e-06
5.548604919446360387e-06
5.620129722745186359e-06
5.692611778794425090e-06
5.766063300661182918e-06
5.840496626669860406e-06
5.915924371813435357e-06
5.992359362024952083e-06
6.069814383199403492e-06
6.148302507763603543e-06
6.227837221368918561e-06
6.308431272640980713e-06
6.390098151682766778e-06
6.472851551957095148e-06
6.556704705180123955e-06
6.641671290299275496e-06
6.727764769096327744e-06
6.814999353412165022e-06
6.903389637272618657e-06
6.992949980986961977e-06
7.083694818356896576e-06
7.175638419952268413e-06
7.268794320496270160e-06
7.363176327967234829e-06
7.458797825386759166e-06
7.555672361449698621e-06
7.653813897619557384e-06
7.753235960843310817e-06
7.853951386410034402e-06
7.955973487484921069e-06
8.059316278635338275e-06
8.163995785709819914e-06
8.270029663497553235e-06
8.377436989262510613e-06
8.486238279264154640e-06
8.596452351518275146e-06
8.708096452169026216e-06
8.821187411988389720e-06
8.935742189356341144e-06
9.051775490817227677e-06
9.169302483440777560e-06
9.288340694240375343e-06
9.408907658644300129e-06
9.531024885466787418e-06
9.654714158971542531e-06
9.779998156050891480e-06
9.906898759207015927e-06
1.003543612544933759e-05
1.016563063859039900e-05
1.029750116244050781e-05
1.043106671781501450e-05
1.056634706146953439e-05
1.070336177434539581e-05
1.084213090406698697e-05
1.098267551703623345e-05
1.112501721686228715e-05
1.126917562729923835e-05
1.141517322731371217e-05
1.156303055318130005e-05
1.171277100454137366e-05
1.186441587428849439e-05
1.201798923588407537e-05
1.217351218706619039e-05
1.233100793241954193e-05
1.249050045389300306e-05
1.265201437598004793e-05
1.281557434273787926e-05
1.298120541582107834e-05
1.314893148498197194e-05
1.331877678395398486e-05
1.349076768227204829e-05
1.366492944257031501e-05
1.384128808272167430e-05
1.401986993443063473e-05
1.420070078761849312e-05
1.438380942548177034e-05
1.456922573075575175e-05
1.475697896373248735e-05
1.494709854692198692e-05
1.513961429579388813e-05
1.533455276294423512e-05
1.553193861652253272e-05
1.573179925222500003e-05
1.593416392946030795e-05
1.613906517439431276e-05
1.634653164755203787e-05
1.655659598278969903e-05
1.676929145691614240e-05
1.698465008696080025e-05
1.720270423090836570e-05
1.742348534605026814e-05
1.764702350768578373e-05
1.787334857506894865e-05
1.810249541564047115e-05
1.833449804071285875e-05
1.856938750552505150e-05
1.880719140920659110e-05
1.904793339372753914e-05
1.929164018557766086e-05
1.953834446301867434e-05
1.978808861151453333e-05
2.004092079678979332e-05
2.029689421068419804e-05
2.055605994644474458e-05
2.081846873529742927e-05
2.108416365954017077e-05
2.135317599078743773e-05
2.162553399516002449e-05
2.190126945102071260e-05
2.218041453777774562e-05
2.246301243192950071e-05
2.274910743737940913e-05
2.303874448051141367e-05
2.333196834245431471e-05
2.362882311714484235e-05
2.392936168965096791e-05
2.423363643952963455e-05
2.454169954412088012e-05
2.485359939839893736e-05
2.516938377578438476e-05
2.548909350565573912e-05
2.581276409575669126e-05
2.614043178011322049e-05
2.647213709851838320e-05
2.680792859887432794e-05
2.714785942101904364e-05
2.749198131295061865e-05
2.784035164150411727e-05
2.819302784383714256e-05
2.855006375014462118e-05
2.891150372686438044e-05
2.927739337526032165e-05
2.964778240811784331e-05
3.002272215783751520e-05
3.040226803125266404e-05
3.078648371255159391e-05
3.117543073044154727e-05
3.156917485497692853e-05
3.196777978903092793e-05
3.237130489315121851e-05
3.277980126257986487e-05
3.319332515406818603e-05
3.361193109839676882e-05
3.403567973495795831e-05
3.446463619391874764e-05
3.489886334290927879e-05
3.533841843053049891e-05
3.578336444779143687e-05
3.623376675982008255e-05
3.668970689588899297e-05
3.715127198471378066e-05
3.761855556150540779e-05
3.809163499934339572e-05
3.857058369882920503e-05
3.905546113406005941e-05
3.954632216490920160e-05
4.004322215772434146e-05
4.054622330769626934e-05
4.105539766081619455e-05
4.157082578178352620e-05
4.209259012178873170e-05
4.262078169711190179e-05
4.315549197373309685e-05
4.369680372799771278e-05
4.424479975747638166e-05
4.479954818825566943e-05
4.536111340139612418e-05
4.592956854111127129e-05
4.650498704604882476e-05
4.708743817192912449e-05
4.767700299478888317e-05
4.827377017865785937e-05
4.887782966344420140e-05
4.948927605847494831e-05
5.010819127092761271e-05
5.073466781771899061e-05
5.136879515841106657e-05
5.201064549107496378e-05
5.266030383826842239e-05
5.331786239021949592e-05
5.398341454805600620e-05
5.465705830275899854e-05
5.533890035374176836e-05
5.602905023098355217e-05
5.672758978772302811e-05
5.743460553208530888e-05
5.815017730521918960e-05
5.887439072065844294e-05
5.960733351197324031e-05
6.034909438004745243e-05
6.109977634946624626e-05
6.185947906602375383e-05
6.262830940011469751e-05
6.340636841971974914e-05
6.419376746228159202e-05
6.499061441467495306e-05
6.579703055161033461e-05
6.661313365658137482e-05
6.743901000462026313e-05
6.827474551074417912e-05
6.912042372929147059e-05
6.997613651844336884e-05
7.084198169942675484e-05
7.171805988128654105e-05
7.260446079407898486e-05
7.350128608187035120e-05
7.440863632819348932e-05
7.532664013921388407e-05
7.625541452968348163e-05
7.719508020236557743e-05
7.814576502306169585e-05
7.910758517031565937e-05
8.008067321135738017e-05
8.106515223069382745e-05
8.206112755685848043e-05
8.306870784849921434e-05
8.408800240413017043e-05
8.511910556690279025e-05
8.616211373014062702e-05
8.721713345861571557e-05
8.828425176489783984e-05
8.936355890913607258e-05
9.045515462579129743e-05
9.155914861728280932e-05
9.267565014465091412e-05
9.380474725734334960e-05
9.494653434004852164e-05
9.610110802650067500e-05
9.726854352423305817e-05
9.844893593100143177e-05
9.964239591049014804e-05
1.008490190331201011e-04
1.020688829644555241e-04
1.033020529589527152e-04
1.045485952632296475e-04
1.058086129712281924e-04
1.070822525125246863e-04
1.083696823833116458e-04
1.096710348156424759e-04
1.109863982254337595e-04
1.123158636776260515e-04
1.136594766463692693e-04
1.150172682548642313e-04
1.163892682584076070e-04
1.177754986856528746e-04
1.191759896828391768e-04
1.205907546527243938e-04
1.220197945277498109e-04
1.234631003539443184e-04
1.249206763923160887e-04
1.263925284685835830e-04
1.278786465014835846e-04
1.293790666177773981e-04
1.308938303084375735e-04
1.324229372475419875e-04
1.339663845513805506e-04
1.355241530054572205e-04
1.370962301058158204e-04
1.386826353705705262e-04
1.402833834073031647e-04
1.418985452247440717e-04
1.435281854522651968e-04
1.451723644704479613e-04
1.468311622940079487e-04
1.485046130413265105e-04
1.501927431759363736e-04
1.518955590662560259e-04
1.536129812342682281e-04
1.553449094046585881e-04
1.570912850845497619e-04
1.588519933708594750e-04
1.606268945413011438e-04
1.624157938845506100e-04
1.642184132291923384e-04
1.660345008221141027e-04
1.678637903629224637e-04
1.697059562206702744e-04
1.715607366119730956e-04
1.734279183254456669e-04
1.753073211683189164e-04
1.771987630518690523e-04
1.791020486576768128e-04
1.810170377014371109e-04
1.829435847210697129e-04
1.848815636441860602e-04
1.868308890361538568e-04
1.887915259914806792e-04
1.907634004376365438e-04
1.927463756015091378e-04
1.947401238619839788e-04
1.967441829615502601e-04
1.987580197805949105e-04
2.007810730581482093e-04
2.028127972645251190e-04
2.048525997777468600e-04
2.068999782070065794e-04
2.089545032074392240e-04
2.110157969914167085e-04
2.130835158488836344e-04
2.151573824617130433e-04
2.172371317412523004e-04
2.193225493164072332e-04
2.214132944126937712e-04
2.235089455674972418e-04
2.256091070340699085e-04
2.277131789226270330e-04
2.298205393810754944e-04
2.319305046615713318e-04
2.340423097845570084e-04
2.361552325440556717e-04
2.382686233063037093e-04
2.403816989274369642e-04
2.424936943977102960e-04
2.446040172311880387e-04
2.467119226809040555e-04
2.488166497646703565e-04
2.509174196846660583e-04
2.530137478413576994e-04
2.551052068454548179e-04
2.571910664124637288e-04
2.592707931351602804e-04
2.613437917923848940e-04
2.634093052453942126e-04
2.654667471397981183e-04
2.675153775598778012e-04
2.695542195917899298e-04
2.715823460502672475e-04
2.735990440653592384e-04
2.756037717695202231e-04
2.775958297630908662e-04
2.795743023704877418e-04
2.815381409226949683e-04
2.834866433595304206e-04
2.854190453400442455e-04
2.873344636966285496e-04
2.892324264481114680e-04
2.911124920246346316e-04
2.929745003792363000e-04
2.948179311846329349e-04
2.966421393888645018e-04
2.984463940899556101e-04
3.002297571278008314e-04
3.019910542925633812e-04
3.037294753538603105e-04
3.054445647213035585e-04
3.071359535983878009e-04
3.088031920305480565e-04
3.104458368019840015e-04
3.120634362326582425e-04
3.136555175432740022e-04
3.152218090080284520e-04
3.167618035564096022e-04
3.182751378783622354e-04
3.197617041899062599e-04
3.212217996646331286e-04
3.226555210389915000e-04
3.240627827604257742e-04
3.254433443548689141e-04
3.267972532216296272e-04
3.281249823333713352e-04
3.294264166337430356e-04
3.307018164344164147e-04
3.319513493689227692e-04
3.331748941794505274e-04
3.343727494537432495e-04
3.355454481963983165e-04
3.366936183249812737e-04
3.378179502054896714e-04
3.389191300816229622e-04
3.399981937585098805e-04
3.410559333235595441e-04
3.420935895950942833e-04
3.431128692159572040e-04
3.441149852212686279e-04
3.451011876603658182e-04
3.460729222337633718e-04
3.470313857177589802e-04
3.479779627661540374e-04
3.489139657808772122e-04
3.498407983129147138e-04
3.507602424501893561e-04
3.516742742104288937e-04
3.525849326124193359e-04
3.534942547881900991e-04
3.544046345135984594e-04
3.553187914289788595e-04
3.562388462588136082e-04
3.571672283118233629e-04
3.581069631840328739e-04
3.590610896830331183e-04
3.600316739880583122e-04
3.610217759926066501e-04
3.620347752089258164e-04
3.630739313885198555e-04
3.641420234098971466e-04
3.652421098052552177e-04
3.663768066485802513e-04
3.675488733126922210e-04
3.687612512379928142e-04
3.700171172739115475e-04
3.713196609847002963e-04
3.726714367538097507e-04
3.740749513587247194e-04
3.755326147729833161e-04
3.770474063905680448e-04
3.786219878070616173e-04
3.802590217076061234e-04
3.819609530019417746e-04
3.837299649269076073e-04
3.855679588775496984e-04
3.874759340729351281e-04
3.894550468178874345e-04
3.915063306782499346e-04
3.936304552548267944e-04
3.958278177934225158e-04
3.980991512216577660e-04
4.004451875477206589e-04
4.028664975649059315e-04
4.053632390907652540e-04
4.079345998106438491e-04
4.105794644047390573e-04
4.132964047905103642e-04
4.160842394148591902e-04
4.189413980791646696e-04
4.218660689193964647e-04
4.248568175870221040e-04
4.279115723396720240e-04
4.310283647209360363e-04
4.342054967612817484e-04
4.374406836524646490e-04
4.407316697481609351e-04
4.440759954060264779e-04
4.474713093920648231e-04
4.509148129169339761e-04
4.544032771737423790e-04
4.579335486360027255e-04
4.615026671672256813e-04
4.651082495588904726e-04
4.687475386014227827e-04
4.724177434792953137e-04
4.761166676662355649e-04
4.798419105879549759e-04
4.835910041183926508e-04
4.873613653048189040e-04
4.911505011373472080e-04
4.949565481506762801e-04
4.987775962875560598e-04
5.026111446412051846e-04
5.064547944352429994e-04
5.103069358650733469e-04
5.141660056291007383e-04
5.180298103493585077e-04
5.218968638935767837e-04
5.257664358798274512e-04
5.296372178535225595e-04
5.335074826658943534e-04
5.373759012348096374e-04
5.412412429136072289e-04
5.451020670649117834e-04
5.489564610572256762e-04
5.528030815898293338e-04
5.566410326238663622e-04
5.604690095895077532e-04
5.642854512484608885e-04
5.680897200257736248e-04
5.718807707293295127e-04
5.756569918562179453e-04
5.794170551041676878e-04
5.831600536221538027e-04
5.868852029967035287e-04
5.905913404783374836e-04
5.942768455818518529e-04
5.979404839075425472e-04
6.015812817516237804e-04
6.051981598539378547e-04
6.087900392448283111e-04
6.123556684995833544e-04
6.158941220516294052e-04
6.194045714158385226e-04
6.228862759390091765e-04
6.263381481547117442e-04
6.297593198576253298e-04
6.331492190509347860e-04
6.365071011205593234e-04
6.398325704817975530e-04
6.431251311190524979e-04
6.463845636105379705e-04
6.496102746856409959e-04
6.528017280564670562e-04
6.559581068615303635e-04
6.590787263831385419e-04
6.621635537250951907e-04
6.652126994191234072e-04
6.682259804207816081e-04
6.712032393911900215e-04
6.741443477270219831e-04
6.770495334867051044e-04
6.799192024750962257e-04
6.827535619460111272e-04
6.855532031348138614e-04
6.883185735051068404e-04
6.910505929848905935e-04
6.937502331605536121e-04
6.964183924146231204e-04
6.990563362030235203e-04
7.016658561084494023e-04
7.042489155791383133e-04
7.068084738223715966e-04
7.093501616436307484e-04
7.118789403013876327e-04
7.143948561707316736e-04
7.169350616956983880e-04
7.194846840972119817e-04
7.220167565318776374e-04
7.245334672937726568e-04
7.270313110563473994e-04
7.295069161810582023e-04
7.319583531924684370e-04
7.343839794700979294e-04
7.367824199290477598e-04
7.391524299119643995e-04
7.414929614753613040e-04
7.438033205088726094e-04
7.460828356818972884e-04
7.483308319221984063e-04
7.505467924796047725e-04
7.527303853801026786e-04
7.548814263513526582e-04
7.570001876067673297e-04
7.590867268001942093e-04
7.611407121186132031e-04
7.631623806339400120e-04
7.651522410540212080e-04
7.671102006134146532e-04
7.690366982286195221e-04
7.709322679000998879e-04
7.727972523911583007e-04
7.746547898449605406e-04
7.764843761677994120e-04
7.782632745521717542e-04
7.800138153042292678e-04
7.817367598249545801e-04
7.834205993305881459e-04
7.850904086304529407e-04
7.867342845903231834e-04
7.883532802014447212e-04
7.899480982040785020e-04
7.915108040107617657e-04
7.930492690513957351e-04
7.945910947029311347e-04
7.961132224918207427e-04
7.975950991319658836e-04
7.990551790576143430e-04
8.004935824176333216e-04
8.019107586300024300e-04
8.033074965388612007e-04
8.046843697525783365e-04
8.060420930523279738e-04
8.073815883831609056e-04
8.087037309389451386e-04
8.100093375145682581e-04
8.112996182330086499e-04
8.125760814546720756e-04
8.138403407273706079e-04
8.150939224146987920e-04
8.163385056929230860e-04
8.175759818652642962e-04
8.188083888002999772e-04
8.200378603386858411e-04
8.212668167169735311e-04
8.225182996650349208e-04
8.237537055522986453e-04
8.249959118310286766e-04
8.262472808790515769e-04
8.275104863423094663e-04
8.287882251926349461e-04
8.300835193622145992e-04
