1.107096394719759076e-07
1.107238525904353920e-07
1.107180141607679092e-07
1.107098198156321871e-07
1.106984157359464552e-07
1.106837427888486171e-07
1.106678647960584036e-07
1.106500010495644557e-07
1.106250169808550653e-07
1.105898120204725540e-07
1.105618884211148954e-07
1.105348284575393932e-07
1.105003037009095242e-07
1.104642437778565444e-07
1.104226970855018961e-07
1.103783469452588271e-07
1.103332711365779513e-07
1.102872034592096036e-07
1.102436810503631615e-07
1.101979650534787988e-07
1.101511527630684641e-07
1.101064132821610571e-07
1.100614358414496883e-07
1.100179816510676895e-07
1.099751019426537286e-07
1.099354179684008592e-07
1.098984053827593617e-07
1.098599297418428236e-07
1.098176830823644772e-07
1.097757691015427719e-07
1.097349128977088056e-07
1.096948037966006492e-07
1.096555438950569585e-07
1.096155642487596273e-07
1.095745657175125409e-07
1.095344275301872970e-07
1.094926525164496411e-07
1.094470129070480947e-07
1.093953663793473967e-07
1.093368274544279246e-07
1.092726649487348174e-07
1.091997919849814821e-07
1.091166783148095426e-07
1.090233992019291219e-07
1.089156613976205408e-07
1.087964825375847248e-07
1.086630742422228376e-07
1.085133369463074734e-07
1.083453962862371843e-07
1.081572689108762686e-07
1.079486164571515359e-07
1.077183103530282033e-07
1.074650131404381658e-07
1.071875270889947720e-07
1.068851943941354777e-07
1.065573068293329141e-07
1.062029596429834497e-07
1.058219536899397364e-07
1.054135085834782309e-07
1.049776180043800134e-07
1.045154579736417643e-07
1.040257512171312228e-07
1.035091886893798641e-07
1.029656863990796884e-07
1.023952676775454401e-07
1.017993011235712053e-07
1.011777131173054595e-07
1.005317475780109143e-07
9.986127876023437022e-08
9.916892913534609763e-08
9.846161764703646321e-08
9.773896095706714581e-08
9.700203031553929461e-08
9.625147709888507730e-08
9.548992069048420319e-08
9.472141546626699565e-08
9.394748753953876575e-08
9.317147711043565686e-08
9.239648719498683428e-08
9.162457180872827156e-08
9.085943450773106266e-08
9.010523344506420764e-08
8.936590676629171279e-08
8.864594670331160074e-08
8.794927884221292434e-08
8.727847578953450944e-08
8.663747410668314694e-08
8.602755853799639686e-08
8.545282966860484086e-08
8.491658090620746678e-08
8.442229155664463860e-08
8.397284341741812080e-08
8.357012934126829528e-08
8.321390813630796011e-08
8.290970384732348011e-08
8.265604552661660951e-08
8.245471997266727539e-08
8.230628380480422903e-08
8.221243353968520696e-08
8.217088162519810890e-08
8.218373468679246313e-08
8.225147643431756578e-08
8.237665052947636258e-08
8.255734499378555433e-08
8.279439616657069727e-08
8.308729048034376973e-08
8.343866715004817419e-08
8.384962806951186498e-08
8.432031046777308771e-08
8.485089206376871850e-08
8.544146427002612915e-08
8.609227594124960573e-08
8.680408634384972470e-08
8.757892064672770156e-08
8.841970751433995483e-08
8.933055754020759908e-08
9.031502891696261829e-08
9.137442127569841145e-08
9.250948715402492554e-08
9.372546309840256954e-08
9.502873098934844198e-08
9.643567068925141991e-08
9.792909382863397169e-08
9.950013992474948963e-08
1.011466002366364057e-07
1.028675235174236104e-07
1.046613464055791326e-07
1.065251817376121235e-07
1.084652369510584478e-07
1.104925188020981347e-07
1.126322640733361693e-07
1.148907829021691238e-07
1.172192189219328769e-07
1.196137421148125288e-07
1.220823434863486309e-07
1.245497383385024926e-07
1.271535676476758213e-07
1.297592949752082742e-07
1.324033858502986214e-07
1.351473146599767190e-07
1.378833793228372537e-07
1.407084139809200118e-07
1.435540426126902541e-07
1.464244967648294460e-07
1.493707189499954441e-07
1.523308927707157234e-07
1.553396349745791510e-07
1.583959908679068578e-07
1.614710650996697594e-07
1.645965660802702307e-07
1.677554341011508962e-07
1.709573602162798004e-07
1.742037865360576987e-07
1.774686947197610730e-07
1.807908786782259793e-07
1.841486823928590703e-07
1.875387881378171785e-07
1.909830925865106529e-07
1.944595177300889618e-07
1.979793118895907334e-07
2.015440913987266852e-07
2.051551785605938506e-07
2.088148990141909898e-07
2.125103486898114100e-07
2.162513196030995165e-07
2.200359110313385189e-07
2.238580903740548060e-07
2.277526658284433439e-07
2.316822167787595893e-07
2.356575611254765762e-07
2.396938019736442773e-07
2.437726978236507164e-07
2.479072471705678918e-07
2.521019568442974964e-07
2.563498232452724543e-07
2.606512322214571515e-07
2.650060671104478443e-07
2.694034142630507007e-07
2.738706046632691201e-07
2.783868219882023724e-07
2.829491679948392155e-07
2.875760685059342771e-07
2.922488474918743480e-07
2.969786673142174977e-07
3.017738132075118451e-07
3.066142621214361153e-07
3.115227907234781924e-07
3.164836000471718688e-07
3.214958460350149453e-07
3.265784377171640540e-07
3.317039310572562026e-07
3.368864859456043971e-07
3.421363400224447615e-07
3.474244018206638059e-07
3.527772567801350381e-07
3.581893407254061575e-07
3.636386799121936218e-07
3.691651364634885946e-07
3.747471600340291370e-07
3.803796806898663803e-07
3.860981879500198030e-07
3.918703903108109178e-07
3.977116063605899012e-07
4.036486979857609856e-07
4.096509236977220344e-07
4.157566025321652515e-07
4.219663725531326126e-07
4.282548384912959577e-07
4.346688688152280615e-07
4.411880578876658999e-07
4.478036009170735813e-07
4.545672263845005173e-07
4.614273757587280455e-07
4.683537046508620998e-07
4.753415697760486157e-07
4.823945699932960796e-07
4.895163692838783435e-07
4.967030393296660238e-07
5.039479110895274670e-07
5.112933824311319422e-07
5.187271932375322537e-07
5.262233977769476386e-07
5.337923888990512498e-07
5.414401885499685434e-07
5.491629750309579101e-07
5.569695301766907878e-07
5.648555372682666109e-07
5.728295548241111752e-07
5.808950515824348507e-07
5.890540261201517196e-07
5.973087881239732150e-07
6.056619195441025304e-07
6.141161282794027438e-07
6.226737568574688922e-07
6.313371960860230054e-07
6.401089032336968370e-07
6.489909991284296905e-07
6.579852797882704121e-07
6.670933991596051690e-07
6.763167838921733322e-07
6.856565762411166970e-07
6.951134618254236976e-07
7.046878462490594112e-07
7.143796875233848325e-07
7.241885614710197716e-07
7.341133701777892471e-07
7.441525047147668274e-07
7.543038866216361425e-07
7.645651067527091631e-07
7.749336051541553567e-07
7.854069522369857874e-07
7.959830971426410589e-07
8.066605653878409643e-07
8.174385380692113103e-07
8.283168073191270277e-07
8.392957932118168313e-07
8.503764601134993363e-07
8.615601673516353160e-07
8.728486797432688799e-07
8.842441717456482634e-07
8.957492345439212919e-07
9.073667194855379874e-07
9.190997346441192225e-07
9.309516245871635795e-07
9.429257614482535040e-07
9.550255752848943289e-07
9.672546363878134173e-07
9.796166651541958949e-07
9.921153553306538207e-07
1.004754484516696617e-06
1.017537899519923586e-06
1.030469416771821439e-06
1.043552812279421962e-06
1.056791923984016614e-06
1.070190581496665358e-06
1.083752583820578784e-06
1.097481700724700403e-06
1.111381709968726272e-06
1.125456337420759349e-06
1.139709220854798184e-06
1.154143876347584220e-06
1.168763681070639163e-06
1.183571944478203105e-06
1.198571942629751548e-06
1.213766661928480466e-06
1.229158930909678564e-06
1.244751338417316625e-06
1.260546200132858310e-06
1.276545536863750187e-06
1.292751208238490563e-06
1.309164885133491853e-06
1.325788032199935851e-06
1.342621963608482226e-06
1.359668029927851797e-06
1.376927684279302283e-06
1.394402573861314196e-06
1.412094584318984819e-06
1.430006098678022093e-06
1.448139712628799577e-06
1.466498303785929203e-06
1.485085000927063148e-06
1.503903236570747528e-06
1.522956779173743705e-06
1.542249698413069274e-06
1.561786185530080196e-06
1.581570881548050817e-06
1.601608495272326651e-06
1.621903808929201000e-06
1.642461586669019167e-06
1.663286814317465246e-06
1.684384947865774025e-06
1.705761567780007299e-06
1.727422240105143436e-06
1.749372730287604430e-06
1.771618645581417695e-06
1.794165876394804386e-06
1.817020275552290144e-06
1.840187570485475652e-06
1.863673618220829808e-06
1.887484616573730805e-06
1.911626689072681971e-06
1.936106178612064045e-06
1.960929604262188001e-06
1.986103570662007874e-06
2.011634423518644598e-06
2.037528640370088704e-06
2.063792613321122719e-06
2.090432777277567747e-06
2.117455720025037389e-06
2.144868194000621750e-06
2.172677007603880380e-06
2.200889123773797636e-06
2.229511401729171870e-06
2.258550776849222548e-06
2.288014391094032256e-06
2.317909007660754764e-06
2.348241690979705893e-06
2.379019609448067183e-06
2.410249947217293431e-06
2.441940000155030443e-06
2.474096909270036926e-06
2.506727820487895829e-06
2.539840276009179090e-06
2.573441356014924181e-06
2.607538416978129123e-06
2.642138854805641616e-06
2.677250272987882882e-06
2.712880093123712547e-06
2.749035878533949434e-06
2.785725191346003082e-06
2.822955501339823430e-06
2.860734170842417524e-06
2.899068244311402255e-06
2.937964066344136315e-06
2.977428025096142034e-06
3.017465534974957401e-06
3.058082429423857505e-06
3.099285763774874466e-06
3.141084351093218908e-06
3.183487982092316340e-06
3.226508012920729253e-06
3.270156072314091192e-06
3.314443056168168538e-06
3.359379228707795562e-06
3.404973959013984610e-06
3.451235754265028968e-06
3.498173229902967195e-06
3.545794838405310469e-06
3.594109597093966878e-06
3.643127089169199716e-06
3.692857283532728229e-06
3.743310408566214709e-06
3.794496458084037010e-06
3.846425510918351140e-06
3.899108070939360722e-06
3.952554879018118435e-06
4.006776868336937699e-06
4.061784941303951125e-06
4.117590336177357544e-06
4.174204257403830872e-06
4.231638194971032343e-06
4.289903774655152593e-06
4.349013231158284648e-06
4.408979025337449550e-06
4.469813091091365331e-06
4.531527195136634265e-06
4.594133929780585254e-06
4.657646237886011711e-06
4.722077083621671416e-06
4.787439332646676679e-06
4.853746236869445665e-06
4.921010790305050814e-06
4.989245814466667701e-06
5.058464917245887355e-06
5.128682155478519702e-06
5.199911440328316709e-06
5.272167126010750195e-06
5.345463535795581911e-06
5.419814967832208126e-06
5.495236110326406094e-06
5.571742152669453303e-06
5.649347521126490150e-06
5.728066774665689351e-06
5.807915045353606777e-06
5.888907792259989940e-06
5.971060638500634626e-06
6.054389089758543121e-06
6.138908628247211817e-06
6.224634801836214654e-06
6.311583571730581658e-06
6.399771134030337984e-06
6.489213562244353251e-06
6.579926920942223062e-06
6.671927734478200538e-06
6.765233140188069669e-06
6.859860691207772083e-06
6.955828021125283231e-06
7.053152798485791774e-06
7.151852952440326361e-06
7.251946279419004996e-06
7.353451306376032818e-06
7.456387032403715232e-06
7.560772083442866251e-06
7.666625482002406743e-06
7.773966563780200739e-06
7.882815064638484703e-06
7.993191126507593147e-06
8.105114869191591397e-06
8.218606507097489641e-06
8.333686352649419290e-06
8.450374487742321790e-06
8.568691982322096710e-06
8.688659885124508326e-06
8.810300302361801430e-06
8.933635505697915175e-06
9.058687107872135730e-06
9.185477294535008441e-06
9.314028406326084833e-06
9.444363263987785243e-06
9.576504577699122893e-06
9.710475846044435642e-06
9.846300774715802681e-06
9.984003553914166354e-06
1.012360893545960670e-05
1.026514136008002459e-05
1.040862551615080615e-05
1.055408554781177062e-05
1.070154558995021685e-05
1.085102939009979324e-05
1.100256102362867217e-05
1.115616459877981466e-05
1.131186391338566419e-05
1.146968257181437564e-05
1.162964501381240806e-05
1.179177777546065873e-05
1.195610939755114641e-05
1.212267003948216360e-05
1.229149200074673976e-05
1.246260783095087383e-05
1.263604927631225387e-05
1.281184644545527821e-05
1.299003001028653552e-05
1.317063130973791786e-05
1.335367986014074801e-05
1.353920652102166726e-05
1.372724336693165283e-05
1.391782475197202332e-05
1.411098709104282509e-05
1.430676742380372083e-05
1.450520310658190114e-05
1.470633040554495579e-05
1.491018432476175905e-05
1.511679903104962705e-05
1.532620907547789673e-05
1.553844966442954133e-05
1.575355850952995165e-05
1.597157145022854059e-05
1.619252736312035642e-05
1.641646571624862620e-05
1.664342499491611060e-05
1.687344309978190527e-05
1.710656063594060073e-05
1.734281661252880258e-05
1.758225268900107997e-05
1.782491032666865097e-05
1.807083194136898660e-05
1.832005905162758529e-05
1.857263361430731374e-05
1.882859847852448980e-05
1.908799761995605792e-05
1.935087544733884798e-05
1.961727983434695708e-05
1.988725676482722891e-05
2.016085372260604023e-05
2.043811921369286888e-05
2.071910056899984692e-05
2.100384483526057241e-05
2.129240014742702261e-05
2.158481569096815819e-05
2.188114231605028771e-05
2.218143280012947185e-05
2.248573902524425225e-05
2.279411443680250809e-05
2.310661327973979220e-05
2.342328720816208825e-05
2.374418683657309712e-05
2.406936507148342238e-05
2.439887638030093954e-05
2.473277865556467784e-05
2.507112863449527867e-05
2.541398503490437775e-05
2.576140737771195357e-05
2.611345549550130794e-05
2.647018841395959056e-05
2.683166752033470001e-05
2.719795143763507165e-05
2.756910088193581740e-05
2.794518281898850846e-05
2.832626058299072839e-05
2.871239654029559364e-05
2.910364884497412691e-05
2.950007397165145512e-05
2.990173201064345304e-05
3.030868876206950892e-05
3.072102158041203771e-05
3.113881590415752188e-05
3.156216076860502627e-05
3.199114517282027704e-05
3.242585712881334832e-05
3.286637528485220560e-05
3.331276963472497841e-05
3.376510727425826246e-05
3.422345272891144880e-05
3.468787106692089954e-05
3.515844074276760426e-05
3.563524285974636511e-05
3.611835829433134677e-05
3.660787447088664331e-05
3.710387348199743258e-05
3.760644590448979693e-05
3.811568319418193570e-05
3.863167748855652380e-05
3.915452042630145763e-05
3.968430364931584386e-05
4.022111530227541107e-05
4.076503979024543277e-05
4.131616287368832056e-05
4.187457718620639455e-05
4.244037871564761453e-05
4.301367341007535908e-05
4.359456519973884124e-05
4.418316388350970915e-05
4.477956890967972744e-05
4.538387484939969944e-05
4.599617647660190497e-05
4.661657296312308199e-05
4.724516512392222512e-05
4.788206800388981855e-05
4.852740240813578957e-05
4.918129005516281286e-05
4.984385164558864260e-05
5.051520085225678284e-05
5.119544998670803160e-05
5.188471353872221457e-05
5.258310227274759757e-05
5.329073343755231590e-05
5.400772823984873388e-05
5.473420299454923802e-05
5.547028365385652280e-05
5.621609282636434398e-05
5.697175704671422411e-05
5.773740709233094126e-05
5.851317367932302603e-05
5.929919215558928096e-05
6.009560390984553869e-05
6.090255526787494768e-05
6.172019125813228214e-05
6.254866620493644352e-05
6.338811987698775492e-05
6.423868423069592330e-05
6.510049189724035755e-05
6.597368771239076448e-05
6.685841779683105606e-05
6.775484573163801706e-05
6.866313563708262334e-05
6.958345110040721926e-05
7.051595344664894193e-05
7.146080353658738980e-05
7.241816116302668708e-05
7.338817957861542879e-05
7.437101504766268386e-05
7.536682771358985751e-05
7.637577561682975461e-05
7.739803010164678142e-05
7.843377035305387529e-05
7.948317628990840956e-05
8.054642485004210716e-05
8.162368410996709463e-05
8.271511329888016210e-05
8.382087177799428317e-05
8.494113745448755588e-05
8.607609776666289611e-05
8.722594590211373553e-05
8.839087517344860285e-05
8.957107424522857690e-05
9.076673377845006151e-05
9.197804017278161123e-05
9.320517193367392199e-05
9.444830827972005769e-05
9.570763339301056362e-05
9.698333978228198485e-05
9.827563632345317482e-05
9.958472946817080527e-05
1.009108304227726143e-04
1.022541474805615635e-04
1.036148853723772883e-04
1.049932515129999505e-04
1.063894724207046480e-04
1.078037652726291181e-04
1.092363555747428495e-04
1.106874482985284458e-04
1.121572467665101565e-04
1.136459330071216490e-04
1.151537035018920899e-04
1.166807597636248714e-04
1.182273312149284951e-04
1.197936618773668349e-04
1.213799959786369302e-04
1.229865748404973102e-04
1.246136413463785734e-04
1.262614281002327971e-04
1.279301680994522758e-04
1.296200910261045098e-04
1.313314238232820999e-04
1.330643872921277423e-04
1.348192169663055425e-04
1.365961590177925907e-04
1.383954553147679907e-04
1.402173533515535184e-04
1.420620924474769295e-04
1.439299153111545310e-04
1.458210624950615332e-04
1.477357788596748826e-04
1.496743296767128536e-04
1.516369681302967109e-04
1.536239526810214491e-04
1.556355331609584399e-04
1.576719654069950029e-04
1.597334874193685761e-04
1.618203360993974375e-04
1.639327195861308773e-04
1.660708584113929802e-04
1.682349541451149842e-04
1.704252308117271077e-04
1.726419279561705795e-04
1.748852716851891336e-04
1.771554769836904131e-04
1.794527363934994308e-04
1.817772629588225680e-04
1.841292915048202265e-04
1.865090939611885334e-04
1.889169472519977523e-04
1.913531195177636151e-04
1.938178362692350310e-04
1.963113166585679224e-04
1.988337349379659658e-04
2.013852508546984475e-04
2.039660347517375442e-04
2.065762556347379962e-04
2.092160591876519827e-04
2.118855773632202571e-04
2.145848983533714329e-04
2.173141090169207891e-04
2.200733406609918388e-04
2.228627360669638313e-04
2.256824406306842819e-04
2.285326319477767822e-04
2.314134598521011966e-04
2.343250112722198826e-04
2.372673566112325314e-04
2.402405651109810580e-04
2.432446967523355867e-04
2.462798286777314878e-04
2.493460812422648764e-04
2.524436287677459131e-04
2.555726508047932743e-04
2.587332957059742785e-04
2.619257116001908652e-04
2.651499754472923893e-04
2.684061585465997903e-04
2.716943296239924936e-04
2.750144648925384396e-04
2.783665391119764668e-04
2.817505148806734609e-04
2.851662986635410016e-04
2.886137654869382779e-04
2.920927258658007151e-04
2.956028874509193985e-04
2.991439714762814507e-04
3.027156941248186086e-04
3.063177076932864745e-04
3.099497255781233644e-04
3.136114985406434903e-04
3.173027730072351454e-04
3.210232823474445571e-04
3.247727354163221052e-04
3.285508647943480472e-04
3.323574011866646484e-04
3.361921153437007052e-04
3.400548022804659185e-04
3.439452906857829134e-04
3.478633604014910534e-04
3.518087295926082829e-04
3.557809542668073774e-04
3.597794372542447057e-04
3.638034847425746388e-04
3.678523190692635243e-04
3.719251367759470145e-04
3.760210604024822071e-04
3.801393074480120772e-04
3.842791526277122382e-04
3.884399050637944435e-04
3.926208480922353198e-04
3.968213394641509633e-04
4.010407606209277559e-04
4.052785328346103825e-04
4.095339407092650529e-04
4.138061694518354997e-04
4.180944157649666023e-04
4.223976898489182523e-04
4.267149741756613842e-04
4.310451037876685270e-04
4.353868337427725297e-04
4.397389310613891841e-04
4.441002451180370942e-04
4.484694923359972257e-04
4.528453157856059488e-04
4.572264974068392714e-04
4.616117035629918922e-04
4.659995567330756918e-04
4.703886543018938305e-04
4.747777534043361625e-04
4.791656465362232513e-04
4.835506997971492278e-04
4.879314890833090501e-04
4.923065585559307546e-04
4.966744100123411448e-04
5.010336100160759677e-04
5.053826237292893212e-04
5.097195788201759831e-04
5.140427309532196462e-04
5.183505421942618142e-04
5.226414244625279641e-04
5.269137847336324062e-04
5.311659160465652093e-04
5.353959458397575689e-04
5.396022090211774567e-04
5.437829686566628346e-04
5.479362847174851095e-04
5.520605514510778860e-04
5.561542773322515664e-04
5.602160392961534532e-04
5.642442482086441630e-04
5.682371719263075828e-04
5.721930465655726073e-04
5.761098114565181864e-04
5.799852573906264831e-04
5.838173869676967481e-04
5.876045882334914646e-04
5.913455292928305497e-04
5.950390980261842898e-04
5.986841018615262017e-04
6.022789122011470118e-04
6.058216870065046217e-04
6.093106263598392722e-04
6.127439648365177668e-04
6.161202961010023901e-04
6.194386254440134619e-04
6.226982531829800948e-04
6.258980098643578691e-04
6.290367729260732147e-04
6.321134893798692131e-04
6.351273059910892164e-04
6.380775249491543732e-04
6.409633339656046645e-04
6.437842287854027333e-04
6.465395912092705699e-04
6.492284183155254060e-04
6.518502978698400554e-04
6.544047685618483096e-04
6.568917989523850951e-04
6.593118050481088952e-04
6.616652504237704535e-04
6.639527189989805674e-04
6.661743854754491496e-04
6.683307274919520619e-04
6.704225863191443308e-04
6.724503819405581746e-04
6.744149638552046589e-04
6.763172742230267286e-04
6.781580159806158050e-04
6.799385483624982530e-04
6.816603662740102019e-04
6.833252012920053428e-04
6.849349041119757141e-04
6.864918587435966425e-04
6.879985385050448043e-04
6.894572557584316679e-04
6.908703536822773713e-04
6.922405520695324496e-04
6.935703629029371002e-04
6.948624486341393623e-04
6.961199629258937871e-04
6.973465402385618404e-04
6.985454026609887136e-04
6.997202700944251536e-04
7.008748733664271237e-04
7.020133438846437720e-04
7.031394483987475803e-04
7.042571558707528450e-04
7.053705641014687468e-04
7.064847305170226946e-04
7.076043534662933678e-04
7.087345607472160568e-04
7.098800501316080390e-04
7.110456763849913034e-04
7.122364275229803310e-04
7.134569387987502263e-04
7.147122357947505297e-04
7.160072343006181365e-04
7.173464043450132003e-04
7.187349316309718647e-04
7.201776231973881304e-04
7.216792383459074908e-04
7.232438637282742741e-04
7.248756518909008940e-04
7.265791316462691732e-04
7.283586150357588889e-04
7.302179889128059377e-04
7.321611222617770360e-04
7.341915558349712892e-04
7.363130843699732973e-04
7.385290389483068494e-04
7.408419697908699003e-04
7.432539657146061901e-04
7.457668498474810453e-04
7.483825095872514294e-04
7.511025039243367403e-04
7.539280828404702241e-04
7.568598776229747528e-04
7.598979674308523795e-04
7.630427238134628509e-04
7.662947166104511470e-04
7.696537959148699523e-04
7.731189748674204519e-04
7.766891149415715637e-04
7.803628237409438850e-04
7.841380128864718167e-04
7.880125578132968992e-04
7.919842511959449298e-04
7.960509855059233648e-04
8.002107336036964370e-04
8.044605352332133332e-04
8.087974394942367817e-04
8.132187848782615512e-04
8.177212257692174349e-04
8.223016978534424589e-04
8.269562518659450941e-04
8.316805270938535961e-04
8.364717815232689327e-04
8.413269518892091533e-04
8.462425030287756226e-04
8.512150996657152436e-04
8.562417862327501190e-04
8.613191098864194468e-04
8.664433814626008173e-04
8.716112370040655704e-04
8.768197078636955381e-04
8.820655321543896922e-04
8.873451959571091504e-04
8.926558806105080275e-04
8.979943602147107563e-04
9.033573101907766334e-04
9.087413093048551851e-04
9.141433782930731555e-04
9.195608913670543167e-04
9.249910264572230303e-04
9.304302929537366755e-04
9.358758786453358174e-04
9.413251681359593830e-04
9.467749173745084422e-04
9.522220745214689296e-04
9.576642069469121872e-04
9.630990984547886224e-04
9.685236085214943670e-04
9.739346192337655856e-04
9.793297160946665570e-04
9.847072167959490616e-04
9.900646945846976188e-04
9.953996718116916737e-04
1.000709541939173459e-03
1.005992363136674417e-03
1.011246043464448987e-03
1.016468727197045391e-03
1.021658928547208248e-03
1.026814613801499887e-03
1.031934079959312151e-03
1.037015262425604323e-03
1.042056825020780397e-03
1.047057294006442998e-03
1.052014943467134266e-03
1.056928397398515735e-03
1.061797220278657035e-03
1.066620841613002274e-03
1.071397845643434158e-03
1.076127409233563993e-03
1.080809386682658616e-03
1.085443365266173816e-03
1.090028748631459822e-03
1.094565412906031016e-03
1.099054473842349172e-03
1.103497179877581304e-03
1.107894935654436201e-03
1.112250780100530571e-03
1.116569449884628881e-03
1.120850884287371684e-03
1.125093636037352313e-03
1.129377136122072366e-03
1.133656110954870105e-03
1.137906872620576869e-03
1.142132076434263345e-03
1.146314665650619534e-03
1.150443861223800950e-03
1.154513964506988189e-03
1.158520208867440176e-03
1.162458430323394217e-03
1.166325092915693326e-03
1.170117100414839453e-03
1.173831785274522454e-03
1.177467158100698949e-03
1.181021236213653652e-03
1.184492050852358445e-03
1.187878097440916731e-03
1.191177911915964477e-03
1.194390394286963574e-03
1.197514470562235445e-03
1.200549409845767107e-03
1.203494774574597652e-03
1.206350163398311071e-03
1.209115049550047631e-03
1.211788911322620333e-03
1.214371786043439436e-03
1.216864060808772307e-03
1.219266321215985768e-03
1.221578833423408918e-03
1.223801437785846042e-03
1.225934483859164028e-03
1.227979212380855010e-03
1.229936722888830443e-03
1.231807614006244630e-03
1.233593017726862789e-03
1.235314343085803417e-03
1.236953232023614135e-03
1.238490117934399086e-03
1.239946155244191434e-03
1.241322938951681379e-03
1.242632556636860544e-03
1.243855228363714965e-03
1.245002118864774838e-03
1.246074811177148248e-03
1.247074786265554977e-03
1.247997886232200078e-03
1.248850399153035844e-03
1.249661627804293145e-03
1.250407556956773707e-03
1.251066885142016654e-03
1.251662331994812674e-03
1.252194983554421378e-03
1.252666221334399529e-03
1.253077838707216318e-03
1.253431649665903702e-03
1.253729427854863169e-03
1.253973173941821256e-03
1.254164719672947207e-03
1.254305893610422901e-03
1.254398686528036561e-03
1.254445219214928627e-03
1.254447941711756432e-03
1.254409220575234459e-03
1.254331657015898523e-03
1.254217877361373185e-03
1.254070484913712407e-03
1.253892210454471065e-03
1.253685725900415557e-03
1.253432350531358134e-03
1.253178476823819118e-03
1.252904429125579035e-03
1.252613571091075115e-03
1.252309225045013068e-03
1.251994762097422475e-03
1.251673588380156901e-03
