1.107057245003678294e-07
1.107220994565295089e-07
1.107146506583138445e-07
1.107044724767355684e-07
1.106905717803209108e-07
1.106729991445678487e-07
1.106525023283984042e-07
1.106346549406064503e-07
1.105924927694049584e-07
1.105602546186589286e-07
1.105315792880041936e-07
1.105001155960234390e-07
1.104578586175072381e-07
1.104096373103382878e-07
1.103578865746963811e-07
1.103043189946172764e-07
1.102496648829254489e-07
1.101941461116654792e-07
1.101408905593174194e-07
1.100830880978622911e-07
1.100242335661035296e-07
1.099679011730967222e-07
1.099078279007973726e-07
1.098488517060692563e-07
1.097899262097275699e-07
1.097314415627925162e-07
1.096738922705847927e-07
1.096117351444798597e-07
1.095436425003313801e-07
1.094732815397888093e-07
1.094014570618155958e-07
1.093283532859149073e-07
1.092543368616956382e-07
1.091741302940421975e-07
1.090872514009234314e-07
1.089956262583611279e-07
1.088975812338798015e-07
1.087910158637949081e-07
1.086740347362281620e-07
1.085446527242229026e-07
1.084039700650978233e-07
1.082473336308064860e-07
1.080729041683842076e-07
1.078817668499296917e-07
1.076674233599109495e-07
1.074366053705697222e-07
1.071844110761542681e-07
1.069101641047625653e-07
1.066110649850796322e-07
1.062851274127854787e-07
1.059331009329569010e-07
1.055538842726755323e-07
1.051464647273933647e-07
1.047104504839455581e-07
1.042458272290934281e-07
1.037523712508305406e-07
1.032304466797001808e-07
1.026800706786702923e-07
1.021012765036436770e-07
1.014949991918677257e-07
1.008630480869829748e-07
1.002048374671076418e-07
9.952251798414961382e-08
9.881735255515014206e-08
9.809123469745135237e-08
9.734562856078946946e-08
9.658224386785768132e-08
9.580368917208064492e-08
9.501073668337485091e-08
9.420779214540231642e-08
9.340402601686775669e-08
9.260092844843962405e-08
9.180042446925727613e-08
9.100607428192282464e-08
9.022195445636577855e-08
8.945292118994715661e-08
8.870229053049115198e-08
8.797562669585714024e-08
8.727815861100511197e-08
8.661341168217048250e-08
8.598567045630314091e-08
8.539882426016032595e-08
8.485628989434735249e-08
8.436253476912059637e-08
8.392052112327223558e-08
8.353132410397122241e-08
8.319727317330672433e-08
8.291769523899084283e-08
8.269368322328358985e-08
8.252549960427913095e-08
8.241344112914039988e-08
8.235812034392051020e-08
8.235933170087733227e-08
8.241482046556112052e-08
8.252864829592975796e-08
8.269835922575964747e-08
8.292495332069894057e-08
8.320858921050496440e-08
8.355157465155986765e-08
8.395057353485810222e-08
8.440834618122041767e-08
8.492573004848181229e-08
8.550601840651326388e-08
8.614860250555940814e-08
8.685602670354161738e-08
8.762969952585961778e-08
8.847360500975644161e-08
8.939048699983546530e-08
9.038271660700980155e-08
9.145332532196387323e-08
9.261024467570676125e-08
9.386704246386566516e-08
9.522138161675197443e-08
9.666300727102037649e-08
9.818732664960142145e-08
9.979087499647960522e-08
1.014709039445487152e-07
1.032268284605207887e-07
1.050590125925985090e-07
1.069657603096262195e-07
1.089474374878070417e-07
1.109982260961023845e-07
1.131109856401761043e-07
1.153159702700410341e-07
1.176195908065607456e-07
1.200008416962359853e-07
1.224422391026488248e-07
1.249501575030269048e-07
1.275111628230155809e-07
1.301407841040992750e-07
1.328241757481235319e-07
1.355466322046732607e-07
1.383378408766134616e-07
1.411707475706964382e-07
1.440540235073307855e-07
1.470041312313858260e-07
1.499728309770848849e-07
1.530207528161472718e-07
1.561075850834358562e-07
1.591950574445989769e-07
1.624112216137771121e-07
1.656091281262757233e-07
1.688611147001203855e-07
1.722014792748557179e-07
1.755078731112491500e-07
1.789439566899795293e-07
1.823922648538496974e-07
1.858355034559019521e-07
1.894334015767947601e-07
1.929971124410878812e-07
1.966351343189343710e-07
2.003467813736610543e-07
2.040273218107154345e-07
2.078320233820764539e-07
2.116726415777474755e-07
2.155027035624303290e-07
2.194746862219823984e-07
2.234303609972247186e-07
2.274573428746264415e-07
2.315721168949093682e-07
2.356891531236698671e-07
2.399076426102547915e-07
2.441668199763245829e-07
2.484392745412146994e-07
2.528341961457846891e-07
2.572502007186665747e-07
2.617138168603405804e-07
2.662988990947868766e-07
2.708814372187534311e-07
2.755446257226466218e-07
2.802884484009864680e-07
2.850433027982827374e-07
2.899176719916726773e-07
2.948351008276578873e-07
2.997736611146151343e-07
3.048296462573189713e-07
3.099121606243221516e-07
3.150401164948208102e-07
3.202808381583927018e-07
3.255456951960790226e-07
3.308922824832326536e-07
3.363270190474439903e-07
3.417825713656685599e-07
3.473505959876942936e-07
3.529826533435249753e-07
3.586500689512292566e-07
3.644456937432815801e-07
3.702858670996622722e-07
3.761830220189683778e-07
3.822024844763401272e-07
3.882577374169222233e-07
3.943942291327521531e-07
4.006349770037871469e-07
4.069101736073920015e-07
4.132896689887733003e-07
4.197536286445636063e-07
4.262613734642906918e-07
4.328905251630887881e-07
4.395929988487590982e-07
4.463598820613294504e-07
4.532463670234700277e-07
4.602071112433525841e-07
4.672667897532032697e-07
4.744749404575010362e-07
4.817596882128417777e-07
4.891680893253943590e-07
4.967257104200822090e-07
5.043838861651483252e-07
5.121834529189007808e-07
5.201108776123777902e-07
5.281621128244595961e-07
5.362734855351036540e-07
5.444431491635036811e-07
5.526801938735341284e-07
5.609889953239767649e-07
5.693686049233307509e-07
5.778206690893985175e-07
5.863503767859256547e-07
5.949608701251511904e-07
6.036563844401751822e-07
6.124352906375322229e-07
6.212998444148513809e-07
6.302527728742194415e-07
6.392943300697007924e-07
6.484292967200800503e-07
6.576620626804622139e-07
6.669991131171059997e-07
6.764469782824033738e-07
6.860097370658321803e-07
6.956911726177497254e-07
7.054950442899803327e-07
7.154244822280110414e-07
7.254822022520308442e-07
7.356702977758887851e-07
7.459904012728275624e-07
7.564436750481271476e-07
7.670306016843189403e-07
7.777511169961434737e-07
7.886042918072240485e-07
7.995881321800447693e-07
8.106999095390249943e-07
8.219364706217930890e-07
8.332948173602954923e-07
8.447726699323489716e-07
8.563687825048100507e-07
8.680829951218089893e-07
8.799160713973376453e-07
8.918694964326807115e-07
9.039454431469259424e-07
9.161466921829460660e-07
9.284765084438420865e-07
9.409384614923707589e-07
9.535364119454730035e-07
9.662745182092612502e-07
9.791571994107260030e-07
9.921891520187870190e-07
1.005375279352753377e-06
1.018720566813233521e-06
1.032230166311105453e-06
1.045909290952585579e-06
1.059763192802837832e-06
1.073796963474599431e-06
1.088015589752814201e-06
1.102424066256512573e-06
1.117027223297085612e-06
1.131829782849504743e-06
1.146836453079657693e-06
1.162051895632245666e-06
1.177480578859558670e-06
1.193126932848151592e-06
1.208995169700543825e-06
1.225089260488661072e-06
1.241412997511664985e-06
1.257969897002700795e-06
1.274763166066640593e-06
1.291795675786944372e-06
1.309070012288680421e-06
1.326588439180638059e-06
1.344352927963181726e-06
1.362365201717841098e-06
1.380626871958519980e-06
1.399139546512828013e-06
1.417905125598753687e-06
1.436925975648872608e-06
1.456204748853668810e-06
1.475744604032470297e-06
1.495549186061780710e-06
1.515622653782099670e-06
1.535969581494654401e-06
1.556595060852567384e-06
1.577504531874827443e-06
1.598703724256470986e-06
1.620198626301493603e-06
1.641995540079483911e-06
1.664100973943952695e-06
1.686521632484809453e-06
1.709264456951443216e-06
1.732336835130227735e-06
1.755746186412277634e-06
1.779500027604296027e-06
1.803605898281370354e-06
1.828071486840799448e-06
1.852904647852123295e-06
1.878113425275980444e-06
1.903705844540969560e-06
1.929690322623264385e-06
1.956075332748813638e-06
1.982869323670533621e-06
2.010080633585637286e-06
2.037717611552135913e-06
2.065789009628013550e-06
2.094303627194592831e-06
2.123270194556088719e-06
2.152697650857019782e-06
2.182594633992657375e-06
2.212970019127261630e-06
2.243832585707419844e-06
2.275190888591810722e-06
2.307053530465226172e-06
2.339429266691575789e-06
2.372326730468293505e-06
2.405754762172353756e-06
2.439722191213109934e-06
2.474237764571853272e-06
2.509309843851833163e-06
2.544946643743552501e-06
2.581156227925768138e-06
2.617946552593558178e-06
2.655325648302286243e-06
2.693301598498358806e-06
2.731882443561565476e-06
2.771076445295672974e-06
2.810891835074308273e-06
2.851337094826922910e-06
2.892420965824840858e-06
2.934152110962177683e-06
2.976539659272798161e-06
3.019593012190570048e-06
3.063321664369735160e-06
3.107735570619623214e-06
3.152844752179935884e-06
3.198659530155276722e-06
3.245190839983634993e-06
3.292449356851367550e-06
3.340446076023888961e-06
3.389192228495497610e-06
3.438699179540355656e-06
3.488978615323855428e-06
3.540042491655008954e-06
3.591903007016033776e-06
3.644572167726648552e-06
3.698062049086805720e-06
3.752384481624181322e-06
3.807550430833656335e-06
3.863570690829843189e-06
3.920454686468170504e-06
3.978212387598289462e-06
4.036855566558108541e-06
4.096398228754592217e-06
4.156856635275997523e-06
4.218248617426451630e-06
4.280592424187331272e-06
4.343905356959991971e-06
4.408203747878796398e-06
4.473502202722418912e-06
4.539814563942602537e-06
4.607154896687911439e-06
4.675537298805103065e-06
4.744976443720625651e-06
4.815487647690227320e-06
4.887086417129475274e-06
4.959788722997293939e-06
5.033610519671384688e-06
5.108567467702944524e-06
5.184675689509597786e-06
5.261951926005606587e-06
5.340412995233786559e-06
5.420075977865801070e-06
5.500958448902141309e-06
5.583077390772385096e-06
5.666450190036248592e-06
5.751095085147663829e-06
5.837030280555205447e-06
5.924274605017093408e-06
6.012846243672983329e-06
6.102763980145997596e-06
6.194047288787353464e-06
6.286716091386847058e-06
6.380790179126866918e-06
6.476288373299187501e-06
6.573230702095059759e-06
6.671636527483891121e-06
6.771524858711307408e-06
6.872914027900025064e-06
6.975823746725074326e-06
7.080273186577277234e-06
7.186281818485377860e-06
7.293869520825519294e-06
7.403056584664583276e-06
7.513863825959892176e-06
7.626312774245616797e-06
7.740425378753592491e-06
7.856224237130981778e-06
7.973732153485797589e-06
8.092972273131061368e-06
8.213968600925566522e-06
8.336745727676698553e-06
8.461329105211865605e-06
8.587744224610670388e-06
8.716016625925878715e-06
8.846172280776080736e-06
8.978237800950972968e-06
9.112240334287758018e-06
9.248207128935422792e-06
9.386165604826065680e-06
9.526144119818121808e-06
9.668171895578034171e-06
9.812279054453917006e-06
9.958494485797098484e-06
1.010684660338920075e-05
1.025736516831820497e-05
1.041008217066416360e-05
1.056502940752069584e-05
1.072223604069690641e-05
1.088173180804314925e-05
1.104355222800978445e-05
1.120773565146494243e-05
1.137430756472652684e-05
1.154329743814720279e-05
1.171473850099927880e-05
1.188866521628943393e-05
1.206511254511933083e-05
1.224411573369733810e-05
1.242571060631307103e-05
1.260993376820995814e-05
1.279682253589459907e-05
1.298641455142569741e-05
1.317874798366088117e-05
1.337386172888663772e-05
1.357179534507141480e-05
1.377258877413674098e-05
1.397628258155771332e-05
1.418291833238486486e-05
1.439253754369580980e-05
1.460518202025380235e-05
1.482089423731633886e-05
1.503971678611127799e-05
1.526169276405036748e-05
1.548686542849754235e-05
1.571527797148731747e-05
1.594697318823435082e-05
1.618199283500909775e-05
1.642037898058426885e-05
1.666217532465545290e-05
1.690742744388027118e-05
1.715618336708117251e-05
1.740849355834512017e-05
1.766441038234916857e-05
1.792398771979852322e-05
1.818727856524197315e-05
1.845433678020018997e-05
1.872521699497010971e-05
1.899997366042089993e-05
1.927866189174129666e-05
1.956133736387078833e-05
1.984805650819322596e-05
2.013887817107507943e-05
2.043386255353415437e-05
2.073307107258953139e-05
2.103656414646928554e-05
2.134440075499447780e-05
2.165664153794820309e-05
2.197334627587297376e-05
2.229457637391624625e-05
2.262039500119340584e-05
2.295086769871825796e-05
2.328606033776175804e-05
2.362604121423701701e-05
2.397087978610689435e-05
2.432064418375049533e-05
2.467540188074974120e-05
2.503522195815570568e-05
2.540017567631609554e-05
2.577033705001710999e-05
2.614577797338361875e-05
2.652657151897703437e-05
2.691279069034336171e-05
2.730450816628325823e-05
2.770179958619461305e-05
2.810474340440990035e-05
2.851341890296141097e-05
2.892790917928892886e-05
2.934829707702809541e-05
2.977466644470133859e-05
3.020710279247403350e-05
3.064569126318729815e-05
3.109051678420498346e-05
3.154166601738459593e-05
3.199922533448216924e-05
3.246328379663199817e-05
3.293393192986327395e-05
3.341125847729541017e-05
3.389535740780223348e-05
3.438632381977511123e-05
3.488424942843057377e-05
3.538922893784485370e-05
3.590135983485510989e-05
3.642074120155852418e-05
3.694747580648351817e-05
3.748166866770786940e-05
3.802342389211292378e-05
3.857284859379407285e-05
3.913005072969632912e-05
3.969513898046632129e-05
4.026822371492616993e-05
4.084941553865821913e-05
4.143882756316832124e-05
4.203658210146991967e-05
4.264279672380122063e-05
4.325758837914614127e-05
4.388106959750935100e-05
4.451335238838608887e-05
4.515455172807203747e-05
4.580479022283627402e-05
4.646419991590787827e-05
4.713292579464145127e-05
4.781111737099286201e-05
4.849892665377424398e-05
4.919650329620966854e-05
4.990398992824754214e-05
5.062152104278265215e-05
5.134922986966041489e-05
5.208724773079670997e-05
5.283570911016655959e-05
5.359475568246732809e-05
5.436453160965276589e-05
5.514518463332277186e-05
5.593687149931977334e-05
5.673974185012685406e-05
5.755395118296301041e-05
5.837966189727914439e-05
5.921703537976236479e-05
6.006623586360793874e-05
6.092743292674279607e-05
6.180079293849205925e-05
6.268648001464954551e-05
6.358466291923352471e-05
6.449552172647784142e-05
6.541924045499916511e-05
6.635601127449841077e-05
6.730602728682862177e-05
6.826947554129489295e-05
6.924653573122577352e-05
7.023739120891156387e-05
7.124222926037830715e-05
7.226124574192534884e-05
7.329464237473442602e-05
7.434262884283213677e-05
7.540541794914606358e-05
7.648321704689183171e-05
7.757624033614985706e-05
7.868469555029876123e-05
7.980879989878858266e-05
8.094876659679302810e-05
8.210481406394326120e-05
8.327715961113920187e-05
8.446602406830344906e-05
8.567163369547157179e-05
8.689422455257191568e-05
8.813404107462684744e-05
8.939133447994642399e-05
9.066634547964072023e-05
9.195931559850966546e-05
9.327048450348563726e-05
9.460008748282168218e-05
9.594836899924066506e-05
9.731559275519746427e-05
9.870203142716210622e-05
1.001079668000186322e-04
1.015336768228257495e-04
1.029794360103374718e-04
1.044455133598953312e-04
1.059321872409685811e-04
1.074397304363957479e-04
1.089684422979564701e-04
1.105186118002000342e-04
1.120905457769497089e-04
1.136845464793239963e-04
1.153009102294391550e-04
1.169399287286377226e-04
1.186019108132127861e-04
1.202871813020132198e-04
1.219960704034015760e-04
1.237289118465643794e-04
1.254860313179941348e-04
1.272677658101480428e-04
1.290744486700020482e-04
1.309064067799386956e-04
1.327639724723119494e-04
1.346474801890455903e-04
1.365572797086465038e-04
1.384937428949968249e-04
1.404572312165827458e-04
1.424481010192950770e-04
1.444667076442809233e-04
1.465134129800095086e-04
1.485885831554029893e-04
1.506925707954476505e-04
1.528257341713145235e-04
1.549884455531889895e-04
1.571810767231663383e-04
1.594040215438567937e-04
1.616576796890195589e-04
1.639424574179471983e-04
1.662587670329457236e-04
1.686070024039448075e-04
1.709875584106758210e-04
1.734008537286698575e-04
1.758473147720831804e-04
1.783273828972344152e-04
1.808414769522744404e-04
1.833900196564508826e-04
1.859734244988612228e-04
1.885921055499353686e-04
1.912464943504798816e-04
1.939370411925243095e-04
1.966642056339828906e-04
1.994284533540228359e-04
2.022302400294790064e-04
2.050700330781457591e-04
2.079482961762368920e-04
2.108654952026387365e-04
2.138220899111843601e-04
2.168185419873350000e-04
2.198553090220884917e-04
2.229328669298969421e-04
2.260516928393083939e-04
2.292122754581314161e-04
2.324151079774867371e-04
2.356606810959864171e-04
2.389494840842623321e-04
2.422820116741505468e-04
2.456587771669046139e-04
2.490803057923929743e-04
2.525471185584374201e-04
2.560597358747454121e-04
2.596186846780901909e-04
2.632244878342650078e-04
2.668776640758990879e-04
2.705787297794537156e-04
2.743281788386176955e-04
2.781265099127558588e-04
2.819742128695409446e-04
2.858717924820397224e-04
2.898197515661121043e-04
2.938185808478584703e-04
2.978687401046777538e-04
3.019706780934447140e-04
3.061248706002144362e-04
3.103318148988294667e-04
3.145920474272875605e-04
3.189061125666836616e-04
3.232745421409047824e-04
3.276978459765977512e-04
3.321764912188477151e-04
3.367109198722316563e-04
3.413015705800515401e-04
3.459488985827875534e-04
3.506533334398330686e-04
3.554152792644749191e-04
3.602351088284960019e-04
3.651131903930748129e-04
3.700498866392807739e-04
3.750455889515869469e-04
3.801007188075069751e-04
3.852156814993652452e-04
3.903908856900051771e-04
3.956267278688219602e-04
4.009235532133293908e-04
4.062816783019903492e-04
4.117013915493681177e-04
4.171829669927013440e-04
4.227266851895489837e-04
4.283328573769664251e-04
4.340018598037880026e-04
4.397340804518232106e-04
4.455298603241422857e-04
4.513895210064879093e-04
4.573133078183412277e-04
4.633014437432251631e-04
4.693541322982600268e-04
4.754715117449194320e-04
4.816536986926349623e-04
4.879007833237194070e-04
4.942127686090350917e-04
5.005896281237919802e-04
5.070312691680541831e-04
5.135375156578397783e-04
5.201081988799890034e-04
5.267431087451586924e-04
5.334419475293300126e-04
5.402044287720791146e-04
5.470302914165539728e-04
5.539192484766966226e-04
5.608709740265955873e-04
5.678851282440431671e-04
5.749613821574346305e-04
5.820993565809852097e-04
5.892987147013043587e-04
5.965591245921284761e-04
6.038802349211859098e-04
6.112616135155267806e-04
6.187027780450786137e-04
6.262030830136932312e-04
6.337617481433418121e-04
6.413778549570202684e-04
6.490503967212497925e-04
6.567782545899180551e-04
6.645601717015657463e-04
6.723950006650815988e-04
6.802815884810906001e-04
6.882187323288372098e-04
6.962051956206561547e-04
7.042397850901087591e-04
7.123212679789227156e-04
7.204484020455992300e-04
7.286197725551970183e-04
7.368338636540543033e-04
7.450891352483280479e-04
7.533839071250889594e-04
7.617164114066065457e-04
7.700847197720328639e-04
7.784868082284292787e-04
7.869206070134082687e-04
7.953840656067120117e-04
8.038750047098432031e-04
8.123911035777897725e-04
8.209301388144782385e-04
8.294896936945963259e-04
8.380672696220943562e-04
8.466603222626853430e-04
8.552662359448449676e-04
8.638823475377127538e-04
8.725056267366755602e-04
8.811331973240042314e-04
8.897620665649034338e-04
8.983891769819104438e-04
9.070115583167826651e-04
9.156261455054898234e-04
9.242294231684701445e-04
9.328179431730113276e-04
9.413883803373865105e-04
9.499372860303540063e-04
9.584612508431389821e-04
9.669567282027577947e-04
9.754200528326383924e-04
9.838475619577194409e-04
9.922353554646459479e-04
1.000579255645163380e-03
1.008875234181707018e-03
1.017119387216053848e-03
1.025307799407314474e-03
1.033436548002674262e-03
1.041501709728802653e-03
1.049499267086712300e-03
1.057424866317016121e-03
1.065274046505237980e-03
1.073042342954138792e-03
1.080725536502864532e-03
1.088319528743327035e-03
1.095820461297424692e-03
1.103224477389916098e-03
1.110527338029782809e-03
1.117724563082192696e-03
1.124811500087720666e-03
1.131783676330899626e-03
1.138636895338545870e-03
1.145367337342972566e-03
1.151971233958194295e-03
1.158444469911397131e-03
1.164783250395978872e-03
1.170983583492855168e-03
1.177041662332966882e-03
1.182953468381227726e-03
1.188715158279937461e-03
1.194323118006439862e-03
1.199774018720905708e-03
1.205064298732068861e-03
1.210190907791650972e-03
1.215150421843841236e-03
1.219939833162706540e-03
1.224556568146328720e-03
1.228998236165690545e-03
1.233262538248043518e-03
1.237346690316965328e-03
1.241248098569687486e-03
1.244964645098909934e-03
1.248494063913588130e-03
1.251834620497458599e-03
1.254985002968666890e-03
1.257943662278298690e-03
1.260709822371568678e-03
1.263282704587286422e-03
1.265661870695648783e-03
1.267846884174918601e-03
1.269837521453197685e-03
1.271633548977013899e-03
1.273234558684457245e-03
1.274640314742283729e-03
1.275851571268013952e-03
1.276868980799926098e-03
1.277693490247347376e-03
1.278326478898851766e-03
1.278770050109718712e-03
1.279025872979944233e-03
1.279095953132842892e-03
1.278982334312001165e-03
1.278687603346152692e-03
1.278214178980264593e-03
1.277564434066085722e-03
1.276741461009939715e-03
1.275748722014018177e-03
1.274589522978315402e-03
1.273267726023888163e-03
1.271787547605490601e-03
1.270153099584736935e-03
1.268368810786393071e-03
1.266439022087920314e-03
1.264368332617036650e-03
1.262161798518237135e-03
1.259824509338032354e-03
1.257361865031144830e-03
1.254779384410484701e-03
1.252083001429427946e-03
1.249278166596622932e-03
1.246370716117624301e-03
1.243366838092335855e-03
1.240272610115833885e-03
1.237094312304360105e-03
1.233837796367866181e-03
1.230509071731330801e-03
1.227114439009069835e-03
1.223660145052382978e-03
1.220152566540893581e-03
1.216597919904658558e-03
1.213002451025912065e-03
1.209372782709216675e-03
1.205715466402146720e-03
1.202037086774409257e-03
1.198343533677364171e-03
1.194640437453585360e-03
1.190933660366125853e-03
1.187229085865706838e-03
1.183532325334739560e-03
1.179848611436125957e-03
1.176183232476578702e-03
1.172540980965670583e-03
1.168926312452907767e-03
1.165344016495985366e-03
1.161798693054958819e-03
1.158294888476175911e-03
1.154837211607363280e-03
1.151429220761306842e-03
1.148074244252985472e-03
1.144776186709991128e-03
1.141538902551804879e-03
1.138365783049117425e-03
1.135258937640953912e-03
1.132219746894215159e-03
1.129251218427144597e-03
1.126356022624172733e-03
1.123536296395199032e-03
1.120793847195142301e-03
1.118131139186966062e-03
1.115550344681387473e-03
1.113052484566929559e-03
1.110638336721120117e-03
1.108309219258455606e-03
1.106066286843348720e-03
1.103910396013547306e-03
1.101842450428561649e-03
1.099863623482681034e-03
1.097974813303984965e-03
1.096176621150759221e-03
1.094469940938010057e-03
1.092854933958714277e-03
1.091332104000392912e-03
1.089901403106658404e-03
1.088563594363497295e-03
1.087319323507742515e-03
1.086168919764585227e-03
1.085112111622622659e-03
1.084148990044817669e-03
1.083280466321969370e-03
1.082506636324098888e-03
1.081827836216724386e-03
1.081244276790522879e-03
1.080756978533329443e-03
1.080366500974230554e-03
1.080073167986839036e-03
1.079877639056953977e-03
1.079781263859534626e-03
1.079784279248917908e-03
1.079886555338934948e-03
1.080088525247284350e-03
1.080390482497598816e-03
1.080792867716243166e-03
1.081295729157767714e-03
1.081900258432469441e-03
1.082607028786230965e-03
1.083416119004002422e-03
1.084327740514610516e-03
1.085343167577789217e-03
1.086464243956526080e-03
1.087692150661600512e-03
1.089028165626076787e-03
1.090474805323702386e-03
1.092034894922068282e-03
1.093711835686248532e-03
1.095510239649222835e-03
1.097436269692159258e-03
1.099499094492618683e-03
1.101714158049995999e-03
1.104110002194790951e-03
1.106675500786779773e-03
1.109371840385740219e-03
1.112175852964528621e-03
1.115071151079570543e-03
1.118044891813579694e-03
1.121084791480100266e-03
1.124179356477783163e-03
1.127318691660233411e-03
1.130494426561851496e-03
1.133698623173291439e-03
1.136923322720683480e-03
1.140161711504045564e-03
1.143407701664616097e-03
1.146655725364556511e-03
1.149900959997947596e-03
1.153138560544240965e-03
1.156363513936088227e-03
1.159571096135569423e-03
1.162757290645606914e-03
1.165918127470905955e-03
1.169049857509953582e-03
1.172148847748622630e-03
1.175210992536285465e-03
1.178232981091499034e-03
1.181211956312874746e-03
1.184145185122123523e-03
1.187030253762841195e-03
1.189864796285884999e-03
1.192646432934620993e-03
1.195373247938942389e-03
1.198042960968618773e-03
1.200653897101081665e-03
1.203204362300264478e-03
1.205692129488621610e-03
1.208115383542998416e-03
1.210472732129202296e-03
1.212762501532692371e-03
1.215004990219792878e-03
1.217178471804602298e-03
1.219259184631731659e-03
1.221267314858647240e-03
1.223201537986090721e-03
1.225098433819805368e-03
1.226882847922587281e-03
1.228589958271797183e-03
1.230218832329305241e-03
1.231768459998030607e-03
1.233251364048631830e-03
1.234652836490128611e-03
1.235982088216117190e-03
1.237230364772721981e-03
1.238369769396554946e-03
1.239423525683074675e-03
1.240390776440302746e-03
1.241270432828097845e-03
1.242061592054246374e-03
1.242763311704767710e-03
1.243374847481993218e-03
1.243895269232151834e-03
1.244323498579823564e-03
1.244658592979614679e-03
1.244899780928512660e-03
1.245046390548669663e-03
1.245097636107489079e-03
1.245053109860542627e-03
1.244912399649345447e-03
1.244675094692285038e-03
1.244340785694421662e-03
1.243909270061675787e-03
1.243380378077581271e-03
1.242690486636436730e-03
1.241966456820726592e-03
1.241144873659020143e-03
1.240225881810187551e-03
1.239209875600703935e-03
1.238097441131835990e-03
1.236889184801629859e-03
