1.107014692211119294e-07
1.107197849135235766e-07
1.107101454309241605e-07
1.106973973278859503e-07
1.106803768536824569e-07
1.106593287579169124e-07
1.106342955728487078e-07
1.106173427543586625e-07
1.105612044214740840e-07
1.105208277233943887e-07
1.104829194365121111e-07
1.104548571975557603e-07
1.104041765104382439e-07
1.103474956871863002e-07
1.102860832420214624e-07
1.102206590751835827e-07
1.101514059173929218e-07
1.100837265979879035e-07
1.100176130360708173e-07
1.099459418723439279e-07
1.098724354128751681e-07
1.098028822440932193e-07
1.097257176224610525e-07
1.096462259856119680e-07
1.095632926864914445e-07
1.094796719131908884e-07
1.093960376772657179e-07
1.093062659861152489e-07
1.092076397785696911e-07
1.091004299288314338e-07
1.089873292225810786e-07
1.088707854590592303e-07
1.087508039929364691e-07
1.086200139669386501e-07
1.084770779105466413e-07
1.083217292197609562e-07
1.081534637495407002e-07
1.079710235478396668e-07
1.077732339350308227e-07
1.075583039370088136e-07
1.073252128538067669e-07
1.070678698427405193e-07
1.067853820103313757e-07
1.064797306198412121e-07
1.061492509470144003e-07
1.057922882341017064e-07
1.054087637464949423e-07
1.049956547358399129e-07
1.045542504168564567e-07
1.040830132442816952e-07
1.035810554342092394e-07
1.030481455501428772e-07
1.024850473407807497e-07
1.018920168133706555e-07
1.012698375790001151e-07
1.006191086732462087e-07
9.994131780272636755e-08
9.923798187331938611e-08
9.851009051783766425e-08
9.776001896260874897e-08
9.699092321937333767e-08
9.620378922525865288e-08
9.540214322634741201e-08
9.458909223312141727e-08
9.376853774689173466e-08
9.294341124175123259e-08
9.211801542348034855e-08
9.129687423810158987e-08
9.048294188697940622e-08
8.968282339811188057e-08
8.890740490424045373e-08
8.816016929105446453e-08
8.744477288057805258e-08
8.676613500405567072e-08
8.612906630969044351e-08
8.553842208080433944e-08
8.499718055588212155e-08
8.450983383637003006e-08
8.407956536186591456e-08
8.370765174352557615e-08
8.339557031043219158e-08
8.314354722789771287e-08
8.295093648364491285e-08
8.281788277864599818e-08
8.274368387218000997e-08
8.272730523118034975e-08
8.277042982296097278e-08
8.287195053460913919e-08
8.303213647450399476e-08
8.325050823729048079e-08
8.352646875679286939e-08
8.386006867271672291e-08
8.425086307128376217e-08
8.469714855073562250e-08
8.520369932125953925e-08
8.577033045743270421e-08
8.640079892863143182e-08
8.709782766524669126e-08
8.786595513005217776e-08
8.870208180463935700e-08
8.961220468432376213e-08
9.060097447088294326e-08
9.168369305294885046e-08
9.286611107592302882e-08
9.415145402362877777e-08
9.552410912943276269e-08
9.698260650855129152e-08
9.852385791406962293e-08
1.001448060371699486e-07
1.018436061938147128e-07
1.036188647869234056e-07
1.054696670335046931e-07
1.073944166723884936e-07
1.093907579497304993e-07
1.114566071405580573e-07
1.135916262720089697e-07
1.157986709910664506e-07
1.180855092705985800e-07
1.204673816937189730e-07
1.229194879953195214e-07
1.254308249354749165e-07
1.280070667028113643e-07
1.306447529982228920e-07
1.333370422222737719e-07
1.360797820522935790e-07
1.388910587261916219e-07
1.417576239893722284e-07
1.446746977315958325e-07
1.476417600846790442e-07
1.506740604647239076e-07
1.537470250208113794e-07
1.568760337488822851e-07
1.600602701539078902e-07
1.632819546642906292e-07
1.665651328195189997e-07
1.698976626548228761e-07
1.732736586446825173e-07
1.767201027539968961e-07
1.801966522802373735e-07
1.837263329186900819e-07
1.873078518050022072e-07
1.909363474573211860e-07
1.946392123327235164e-07
1.983853725398864247e-07
2.021592665088136867e-07
2.060288893717273895e-07
2.099258040275324357e-07
2.138681290213555381e-07
2.179041794371525438e-07
2.219593771926218570e-07
2.260924385393653662e-07
2.302942272499046438e-07
2.345074317121619013e-07
2.388305671444160145e-07
2.431969983572895845e-07
2.475855045717312037e-07
2.521093766639988801e-07
2.566438052329375404e-07
2.612335016530445732e-07
2.659390000607318222e-07
2.706480205351788905e-07
2.754509071468533871e-07
2.803235395424063205e-07
2.851927146409389517e-07
2.902016076441990469e-07
2.952632766201321274e-07
3.003216076111015395e-07
3.055645515257570389e-07
3.108183322413421968e-07
3.161062621704746807e-07
3.215572685263652438e-07
3.270065105602799027e-07
3.325498111035669295e-07
3.381983237212699975e-07
3.438517673392343687e-07
3.496318224392202327e-07
3.554957640461823141e-07
3.613765153517971698e-07
3.674305179856870771e-07
3.735202535375978787e-07
3.796533474012450721e-07
3.859483446593385590e-07
3.922760560997440087e-07
3.986883430281045034e-07
4.052338943120239357e-07
4.118177405134800004e-07
4.185156439385334057e-07
4.253209479173055471e-07
4.321777218308535997e-07
4.391646260765926584e-07
4.462415826104069073e-07
4.533846619862194335e-07
4.606568857515065567e-07
4.680040391046298463e-07
4.754359357564276317e-07
4.829872856728070684e-07
4.906065258098771765e-07
4.983355699483770724e-07
5.061809313860916853e-07
5.140894417469208561e-07
5.221479938633752560e-07
5.303646941348840410e-07
5.386531523394349224e-07
5.470700572486660393e-07
5.556139857311338923e-07
5.642628963305336650e-07
5.730418861317892876e-07
5.819328367353726050e-07
5.909077537956609188e-07
5.999578737865390657e-07
6.090821746524653997e-07
6.182814471348647012e-07
6.275572405167261327e-07
6.369129148143897130e-07
6.463511791247996137e-07
6.558761398741686974e-07
6.654924086485818218e-07
6.752046597501456896e-07
6.850187905714961805e-07
6.949393834947644776e-07
7.049735941776191626e-07
7.151226387604772983e-07
7.253901934657297083e-07
7.357770442565200756e-07
7.462931461434310251e-07
7.569350864836033124e-07
7.677184043299800306e-07
7.786470401165032512e-07
7.897255226927984915e-07
8.009571023805175503e-07
8.123440666881939534e-07
8.238873389499975108e-07
8.355864507487792097e-07
8.474394900858887435e-07
8.594433397741353470e-07
8.715946630499170930e-07
8.838905631718185023e-07
8.963294316717223600e-07
9.089111161999367033e-07
9.216366878733711048e-07
9.345082466442956759e-07
9.475288006039765284e-07
9.607021787870035429e-07
9.740328696347021415e-07
9.875259620687833295e-07
1.001186832037110978e-06
1.015021160255128354e-06
1.029034803981466131e-06
1.043233826453605109e-06
1.057624490712988659e-06
1.072213082517711514e-06
1.087005855209401040e-06
1.102009066830020773e-06
1.117228964110605251e-06
1.132671754037689367e-06
1.148343622660763554e-06
1.164250669111348097e-06
1.180398909345095114e-06
1.196794279159718461e-06
1.213442550983618576e-06
1.230349304605091769e-06
1.247519772830375896e-06
1.264958816657231352e-06
1.282670926577426391e-06
1.300660200158873032e-06
1.318930260847683742e-06
1.337484242254912149e-06
1.356324691344194308e-06
1.375453593731390830e-06
1.394872794974767177e-06
1.414584216856384084e-06
1.434590043965609706e-06
1.454893067204489829e-06
1.475496705182363132e-06
1.496405152943860281e-06
1.517623328945250026e-06
1.539156820553749144e-06
1.561011843090771692e-06
1.583195202180022349e-06
1.605714179901278011e-06
1.628576463855464760e-06
1.651790065503656028e-06
1.675363442120103376e-06
1.699305510327981380e-06
1.723625293994787106e-06
1.748332144898409712e-06
1.773435699174696567e-06
1.798945796244133472e-06
1.824872436575367939e-06
1.851225792946493590e-06
1.878016143360875068e-06
1.905253910061756629e-06
1.932949703639788697e-06
1.961114205821758672e-06
1.989758104943532925e-06
2.018892136429087529e-06
2.048527144374846123e-06
2.078674193463145738e-06
2.109344124933795212e-06
2.140547689771098318e-06
2.172295415923465740e-06
2.204597670299332814e-06
2.237464685941838672e-06
2.270906564162876628e-06
2.304932996082404020e-06
2.339553664472910841e-06
2.374777924715424859e-06
2.410614810455837969e-06
2.447073016171789071e-06
2.484160956811257351e-06
2.521887320844656283e-06
2.560260662245554107e-06
2.599289313064260498e-06
2.638981902292000475e-06
2.679346936590167582e-06
2.720393432844428458e-06
2.762130650528154901e-06
2.804568050799105434e-06
2.847715681043862213e-06
2.891584124766585133e-06
2.936184221545327630e-06
2.981527467271613781e-06
3.027625850680539298e-06
3.074491815261698045e-06
3.122137906222680096e-06
3.170576688950336989e-06
3.219821011682345341e-06
3.269883934828255688e-06
3.320778759176270692e-06
3.372519118894917417e-06
3.425118992842031116e-06
3.478592703513367962e-06
3.532954620570485602e-06
3.588219439534768013e-06
3.644401829209585558e-06
3.701516532515690480e-06
3.759578546784920728e-06
3.818603002410999701e-06
3.878605107279411194e-06
3.939600436049185337e-06
4.001604650837035072e-06
4.064633502173489916e-06
4.128703191978352905e-06
4.193829892335442827e-06
4.260029999290045211e-06
4.327320033103532189e-06
4.395716856991352387e-06
4.465237726326938508e-06
4.535900122805575209e-06
4.607721896496260263e-06
4.680720870730933986e-06
4.754915084393318133e-06
4.830322574949266526e-06
4.906960433339719216e-06
4.984845402528361638e-06
5.063992736476902462e-06
5.144418590288614749e-06
5.226141113776723480e-06
5.309181927754664965e-06
5.393564941324987166e-06
5.479315034396271980e-06
5.566456655293653597e-06
5.655011771494135825e-06
5.744999840143762139e-06
5.836438063673686216e-06
5.929343127451311418e-06
6.023732389579261366e-06
6.119623761987027098e-06
6.217035747658743572e-06
6.315987422882380133e-06
6.416498085105972331e-06
6.518587973221343300e-06
6.622277712183313748e-06
6.727588854807466540e-06
6.834544068787329552e-06
6.943173367161641334e-06
7.053497824261181807e-06
7.165536333249274833e-06
7.279312222841734325e-06
7.394849650261026987e-06
7.512175875792246529e-06
7.631323707515596386e-06
7.752316094508445525e-06
7.875174868938604301e-06
7.999926720257475777e-06
8.126603884832569381e-06
8.255239403944999999e-06
8.385856822248597298e-06
8.518482690913962467e-06
8.653151130520658421e-06
8.789898561712463634e-06
8.928748996641860413e-06
9.069730107948751238e-06
9.212881011163995070e-06
9.358238517318815043e-06
9.505824710391347606e-06
9.655672743374549136e-06
9.807832432476125954e-06
9.962327008721786451e-06
1.011918160173367209e-05
1.027844804129914389e-05
1.044016738614985587e-05
1.060435401500754559e-05
1.077105641782666929e-05
1.094032366422262775e-05
1.111217591287206443e-05
1.128665836970490245e-05
1.146381482261898629e-05
1.164367921160532964e-05
1.182629292591733776e-05
1.201169756447568923e-05
1.219993209614090164e-05
1.239103780985357105e-05
1.258505518698213456e-05
1.278202442528244034e-05
1.298198751364004211e-05
1.318498800104440566e-05
1.339107057132265144e-05
1.360028107559740313e-05
1.381266664070161266e-05
1.402827543655549464e-05
1.424715620176464500e-05
1.446935817753452874e-05
1.469493128835002589e-05
1.492392696715564193e-05
1.515639787339949850e-05
1.539239722354061114e-05
1.563197865652147338e-05
1.587519681158325888e-05
1.612210729055582996e-05
1.637276646866551557e-05
1.662723171527480436e-05
1.688556095713955661e-05
1.714781253732272423e-05
1.741404611275796662e-05
1.768432266243150449e-05
1.795870406786620992e-05
1.823725281181797707e-05
1.852003205502191153e-05
1.880710608430377433e-05
1.909854034355903295e-05
1.939440148583137084e-05
1.969475705980764684e-05
1.999967571726740748e-05
2.030922677043214922e-05
2.062348050429108583e-05
2.094250733834959841e-05
2.126637804751925311e-05
2.159516417295993099e-05
2.192893752023463994e-05
2.226777000050639873e-05
2.261173389058441268e-05
2.296090271221756839e-05
2.331535058607458856e-05
2.367515304234270069e-05
2.404038767796063989e-05
2.441113475042508264e-05
2.478747740636828129e-05
2.516950292406428406e-05
2.555730090745879718e-05
2.595096198629224434e-05
2.635057703643204428e-05
2.675623578191649879e-05
2.716802975027366734e-05
2.758605255733771351e-05
2.801039836923333032e-05
2.844116291696974796e-05
2.887844317053256269e-05
2.932233673315467730e-05
2.977294136126328538e-05
3.023035468604055469e-05
3.069467885602551917e-05
3.116601806082412338e-05
3.164447864521196358e-05
3.213016896665307992e-05
3.262320068206711062e-05
3.312368533860608440e-05
3.363173614767777221e-05
3.414746807930540149e-05
3.467099664029217072e-05
3.520243793315914365e-05
3.574190942138361288e-05
3.628953077676570364e-05
3.684542516435466102e-05
3.740971582251133971e-05
3.798252782484556108e-05
3.856398610171629074e-05
3.915421689856337810e-05
3.975334856696803115e-05
4.036151251616464862e-05
4.097884501946829792e-05
4.160548477936713369e-05
4.224157261946787859e-05
4.288725072756812686e-05
4.354266237957111861e-05
4.420795240265625064e-05
4.488326817725943546e-05
4.556875738122841357e-05
4.626456856228879175e-05
4.697085220410700501e-05
4.768776431051480007e-05
4.841546024890740928e-05
4.915409925160663226e-05
4.990384327294944102e-05
5.066485287896715874e-05
5.143729245207604724e-05
5.222133134354427030e-05
5.301714076720066160e-05
5.382489655969630786e-05
5.464477796757596722e-05
5.547696373289292290e-05
5.632163717222388286e-05
5.717898401199664839e-05
5.804919196761789443e-05
5.893245128612954352e-05
5.982895484692179631e-05
6.073890000369309972e-05
6.166249133528306742e-05
6.259993106821086690e-05
6.355142257000021997e-05
6.451716704910820822e-05
6.549736628250045099e-05
6.649222314635165674e-05
6.750194663549132466e-05
6.852676079733878445e-05
6.956690187859195396e-05
7.062261414890920734e-05
7.169415049777333676e-05
7.278176022153964343e-05
7.388568878529986153e-05
7.500617257527275009e-05
7.614344919614643111e-05
7.729776100030145947e-05
7.846935429635514968e-05
7.965847894055460329e-05
8.086538755289059642e-05
8.209033778329416888e-05
8.333359639368313320e-05
8.459542990040375382e-05
8.587610722036232477e-05
8.717590454231658251e-05
8.849509876872593069e-05
8.983397626111843315e-05
9.119283120549778602e-05
9.257195957542330329e-05
9.397165661784279253e-05
9.539222910314121371e-05
9.683398975707802601e-05
9.829726427202231328e-05
9.978237863987241387e-05
1.012896594778125948e-04
1.028194256877069056e-04
1.043720040600018155e-04
1.059477297850299268e-04
1.075469446427064816e-04
1.091699965908234267e-04
1.108172415880954688e-04
1.124890406547083324e-04
1.141857620250903726e-04
1.159077706984984826e-04
1.176554440756601123e-04
1.194291535284957412e-04
1.212292807602959673e-04
1.230562145118947607e-04
1.249103477579448316e-04
1.267920797784716452e-04
1.287018052186834243e-04
1.306399343569131775e-04
1.326068765925242192e-04
1.346030596700670766e-04
1.366289099471011692e-04
1.386848630073765284e-04
1.407713605718138459e-04
1.428888505993663376e-04
1.450377716774191631e-04
1.472185756317991566e-04
1.494317246762039998e-04
1.516776897325307653e-04
1.539569609068135788e-04
1.562700407423151135e-04
1.586174335517214092e-04
1.609996327813203109e-04
1.634171353261584391e-04
1.658704470297458307e-04
1.683600825646121779e-04
1.708865579944430536e-04
1.734504115606196376e-04
1.760521995879015184e-04
1.786924734559861298e-04
1.813717993440988824e-04
1.840907475321570865e-04
1.868498988583116747e-04
1.896498334516742799e-04
1.924911371830431207e-04
1.953744094906447652e-04
1.983002451404797424e-04
2.012692504905738537e-04
2.042820412167159873e-04
2.073392410137911879e-04
2.104414893280042635e-04
2.135894421415020716e-04
2.167837590221302374e-04
2.200251069226147728e-04
2.233141546553277527e-04
2.266515809820854614e-04
2.300380649476946922e-04
2.334743033592624685e-04
2.369609919575310978e-04
2.404988356768529535e-04
2.440885471209339240e-04
2.477308478914412907e-04
2.514264720529668260e-04
2.551761577736674736e-04
2.589806575062020624e-04
2.628407282503331089e-04
2.667571256765223649e-04
2.707306159094736552e-04
2.747619982754138782e-04
2.788520826852437491e-04
2.830016798834448003e-04
2.872116054682411347e-04
2.914826732740908558e-04
2.958156960148481318e-04
3.002114933284938218e-04
3.046709080960952770e-04
3.091948134233403435e-04
3.137840951269614325e-04
3.184396456961768700e-04
3.231623632010455129e-04
3.279531557403025130e-04
3.328129327708743046e-04
3.377425920328164135e-04
3.427430424619896075e-04
3.478151982814929122e-04
3.529599766394464727e-04
3.581783071030190252e-04
3.634711251932153629e-04
3.688393901557526864e-04
3.742840811519010185e-04
3.798061799731948236e-04
3.854066796112120630e-04
3.910865794906759471e-04
3.968469043769845030e-04
4.026887059563368496e-04
4.086130359249493210e-04
4.146209506478241709e-04
4.207135216054245651e-04
4.268918299530646506e-04
4.331569458361616957e-04
4.395099316198549733e-04
4.459518387375773158e-04
4.524837125398317142e-04
4.591066082773551126e-04
4.658216043072789655e-04
4.726297778199827024e-04
4.795322178450876337e-04
4.865299884293616643e-04
4.936241426904996229e-04
5.008157357807918120e-04
5.081058673408491138e-04
5.154956815284012428e-04
5.229863309155733959e-04
5.305789538335629971e-04
5.382746915236440556e-04
5.460746599802603464e-04
5.539799663520447335e-04
5.619916930109493738e-04
5.701109298272156317e-04
5.783387215444636817e-04
5.866761127547476555e-04
5.951241141385209439e-04
6.036837583247459203e-04
6.123560881268006600e-04
6.211421677082123180e-04
6.300430928499261510e-04
6.390599501360938071e-04
6.481938528702164319e-04
6.574458359516697483e-04
6.668168929468860093e-04
6.763080194337623557e-04
6.859201612341417256e-04
6.956542554326166587e-04
7.055112276968356988e-04
7.154920657106537962e-04
7.255977718440514805e-04
7.358293535893362146e-04
7.461877812582633131e-04
7.566739786381068830e-04
7.672888079190155189e-04
7.780331183184959745e-04
7.889077621293622651e-04
7.999134990687041926e-04
8.110510931700026620e-04
8.223212566609254667e-04
8.337246296629652028e-04
8.452617875240397245e-04
8.569332328042353515e-04
8.687393768064012849e-04
8.806806467885159792e-04
8.927574209528270572e-04
9.049700067352395945e-04
9.173187016696586569e-04
9.298037639361684354e-04
9.424253995438221709e-04
9.551837701003102008e-04
9.680789761733692806e-04
9.811111142109631752e-04
9.942802405450497545e-04
1.007586390776235574e-03
1.021029580934479028e-03
1.034609792649936492e-03
1.048326895821716101e-03
1.062180695282622083e-03
1.076170874038692542e-03
1.090296972170041664e-03
1.104558378056842184e-03
1.118954349158721813e-03
1.133483988206085338e-03
1.148146197029897668e-03
1.162939923666359747e-03
1.177864067662170609e-03
1.192917457297689669e-03
1.208098866259955375e-03
1.223407029777376885e-03
1.238840578330156501e-03
1.254398046936788542e-03
1.270077746253959333e-03
1.285877842114817489e-03
1.301796475215730078e-03
1.317831617226446596e-03
1.333981049854150681e-03
1.350242438710065867e-03
1.366613311822489733e-03
1.383091098708641659e-03
1.399673169605920604e-03
1.416356764991280083e-03
1.433138987431084631e-03
1.450016965237863097e-03
1.466987576779300861e-03
1.484047494202349890e-03
1.501193236187983076e-03
1.518421057110778396e-03
1.535727093811305698e-03
1.553107179569922485e-03
1.570557107162481566e-03
1.588072474824708032e-03
1.605648720581427961e-03
1.623281378875459724e-03
1.640965789362605100e-03
1.658696892264822009e-03
1.676469520221792603e-03
1.694278516678721742e-03
1.712118579588975224e-03
1.729984261194795992e-03
1.747869872366089941e-03
1.765769713196780862e-03
1.783677936086127454e-03
1.801588280287611064e-03
1.819494000668594796e-03
1.837388390838877016e-03
1.855264716511852586e-03
1.873116140450134569e-03
1.890935720492322759e-03
1.908716683224833018e-03
1.926452278377958861e-03
1.944135317495122471e-03
1.961758471794044015e-03
1.979314283238512318e-03
1.996795240193291899e-03
2.014193609262884561e-03
2.031501673433043064e-03
2.048711753464839934e-03
2.065816046820179511e-03
2.082806661814993847e-03
2.099675403978690843e-03
2.116414115005761480e-03
2.133014587902090208e-03
2.149468794504615608e-03
2.165768799210791070e-03
2.181906502515178724e-03
2.197874107840136829e-03
2.213663531040995728e-03
2.229266863596850428e-03
2.244675888015685954e-03
2.259882222087694105e-03
2.274877732620017839e-03
2.289654761355278643e-03
2.304205557736286984e-03
2.318522751272526772e-03
2.332598916045481186e-03
2.346426813132203911e-03
2.359999461893336290e-03
2.373309957216983290e-03
2.386351400666735130e-03
2.399116800971877548e-03
2.411599689504164215e-03
2.423794065089360066e-03
2.435693879113571929e-03
2.447293630925618732e-03
2.458588125345989930e-03
2.469572116549498091e-03
2.480241086747223336e-03
2.490590578033498662e-03
2.500616413888263282e-03
2.510314691688338585e-03
2.519681833439090489e-03
2.528714913237059807e-03
2.537411049393813092e-03
2.545767635148351877e-03
2.553783357842041597e-03
2.561456914572629584e-03
2.568787273936141459e-03
2.575773568548108284e-03
2.582416070956980447e-03
2.588715106235287607e-03
2.594671337647452749e-03
2.600285969050639568e-03
2.605560908665734490e-03
2.610498444178803706e-03
2.615101012593556290e-03
2.619372123255165209e-03
2.623315681277751422e-03
2.626935562101992503e-03
2.630236633804200301e-03
2.633224302353641671e-03
2.635904155478607097e-03
2.638282474251894306e-03
2.640365777307862160e-03
2.642161468485542970e-03
2.643677632935826673e-03
2.644922221519152485e-03
2.645904231146111937e-03
2.646632892744608164e-03
2.647118143437799352e-03
2.647369996657976746e-03
2.647398909662151620e-03
2.647215923111644054e-03
2.646832687461812741e-03
2.646261133433793541e-03
2.645513175773065752e-03
2.644601145076318476e-03
2.643537964731308351e-03
2.642336814254771585e-03
2.641011338163519722e-03
2.639575397431323002e-03
2.638043047313453141e-03
2.636428885745404661e-03
2.634747603837226532e-03
2.633013957054220616e-03
2.631242553275983404e-03
2.629448182532704605e-03
2.627645478375830769e-03
2.625849328739071533e-03
2.624075060039117360e-03
2.622337803091916945e-03
2.620652355288175406e-03
2.619033153233423124e-03
2.617494458401286271e-03
2.616050721355641425e-03
2.614716316748043161e-03
2.613505331525612426e-03
2.612431860908921970e-03
2.611509050418670246e-03
2.610749541556876049e-03
2.610165997714150674e-03
2.609770803218184210e-03
2.609575942514630841e-03
2.609592472373485801e-03
2.609830229886123208e-03
2.610299431520999875e-03
2.611009573075619150e-03
2.611969440202157721e-03
2.613187176489067606e-03
2.614670532272870673e-03
2.616426883751092527e-03
2.618462406242983917e-03
2.620782793960765075e-03
2.623393492884396397e-03
2.626298791716772437e-03
2.629502021879560371e-03
2.633005960915619972e-03
2.636813460428630556e-03
2.640926161377612699e-03
2.645344689007274406e-03
2.650069697157913986e-03
2.655101248058308692e-03
2.660438539460726302e-03
2.666079880969871290e-03
2.672023367419361362e-03
2.678266896526624100e-03
2.684807992527296454e-03
2.691643290793721208e-03
2.698769073842302666e-03
2.706181640873949606e-03
2.713876397643232626e-03
2.721848664884933371e-03
2.730093383268023064e-03
2.738606376546483864e-03
2.747382044945274535e-03
2.756414604612443878e-03
2.765698397759795615e-03
2.775228002744619445e-03
2.784997077659395401e-03
2.794998767614063819e-03
2.805226871757376863e-03
2.815675106919081350e-03
2.826336644430503357e-03
2.837204538379448516e-03
2.848272370121096748e-03
2.859533623322633132e-03
2.870981257524046672e-03
2.882608774423839337e-03
2.894409842575678630e-03
2.906377875712882770e-03
2.918506040241023152e-03
2.930787889248682738e-03
2.943217046275854818e-03
2.955787242453347848e-03
2.968492593452140820e-03
2.981327470904706484e-03
2.994286317174741849e-03
3.007363264136402731e-03
3.020552664433147523e-03
3.033849858207461180e-03
3.047250024232127201e-03
3.060748001881435833e-03
3.074338855229461279e-03
3.088018543210397336e-03
3.101783577847565688e-03
3.115630378148586104e-03
3.129555315185841412e-03
3.143555162142480566e-03
3.157627896519379657e-03
3.171771845671825414e-03
3.185985658922551624e-03
3.200268328980995693e-03
3.214620297764583454e-03
3.229047453645988042e-03
3.243565885913916348e-03
3.258187176704274973e-03
3.272915337519024387e-03
3.287754459133375353e-03
3.302687943571610066e-03
3.317684815508879607e-03
3.332694592415699156e-03
3.347690832214635700e-03
3.362656913017020820e-03
3.377577699170299010e-03
3.392438948781906563e-03
3.407228146911933566e-03
3.421933109829280919e-03
3.436543134355151373e-03
3.451048543589597777e-03
3.465440530424922488e-03
3.479710767966446953e-03
3.493850758586882713e-03
3.507852734129449177e-03
3.521709968577227574e-03
3.535416010905802729e-03
3.548964565519267637e-03
3.562349469820796661e-03
3.575587637866078396e-03
3.588651812938122628e-03
3.601514683160449756e-03
3.614193682543068425e-03
3.626683892605480318e-03
3.639020077031723203e-03
3.651120938811403503e-03
3.663020525466200838e-03
3.674715682245954448e-03
3.686202875590637289e-03
3.697496488306499605e-03
3.708575671165446983e-03
3.719443942170331998e-03
3.730093853014242004e-03
3.740496441565630253e-03
3.750673734088240223e-03
3.760623084201114661e-03
3.770341954914946565e-03
3.779828242919127355e-03
3.789079910756559463e-03
3.798095060468471406e-03
3.806871659193121395e-03
3.815407704580280664e-03
3.823701530515794585e-03
3.831751649325241139e-03
3.839556555250170106e-03
3.847114721349076394e-03
3.854424954753556554e-03
3.861486330166020737e-03
3.868298017378638074e-03
3.874859225147314450e-03
3.881169281530956385e-03
3.887227724656354931e-03
3.893004482493523689e-03
3.898557814546244234e-03
3.903859008047043475e-03
3.908907762103622924e-03
3.913704075654618475e-03
3.918248156552221750e-03
3.922540271443984011e-03
