1.106968736653677970e-07
1.107164744036121349e-07
1.107036224932549744e-07
1.106872976855661361e-07
1.106661195037413344e-07
1.106405538304177452e-07
1.106095815740146651e-07
1.105943812836062414e-07
1.105235744700972448e-07
1.104790122307838244e-07
1.104227978490708692e-07
1.104141598782308181e-07
1.103422838274629034e-07
1.102785925662584064e-07
1.102023236280509787e-07
1.101205890161586641e-07
1.100370299288117356e-07
1.099531525165566909e-07
1.098694921484823352e-07
1.097819986173689924e-07
1.096900602755569478e-07
1.096033069561655891e-07
1.095030564115804584e-07
1.093968418295002941e-07
1.092864762761346958e-07
1.091728058328885707e-07
1.090553177106498609e-07
1.089316039728653708e-07
1.087955038438593934e-07
1.086464328163214758e-07
1.084865611848492636e-07
1.083151072422577808e-07
1.081343928042488233e-07
1.079393376894075169e-07
1.077274735360937873e-07
1.074971667404537359e-07
1.072478334652133099e-07
1.069781359501811720e-07
1.066861544848481666e-07
1.063709494165258780e-07
1.060306896822563872e-07
1.056611762667129789e-07
1.052614497717930152e-07
1.048425405395326641e-07
1.043749997001815378e-07
1.038860510461174576e-07
1.033656646211071309e-07
1.028121451652737347e-07
1.022286381411787587e-07
1.016129759551105132e-07
1.009659148156185050e-07
1.002879739255827055e-07
9.958103075220152052e-08
9.884703956250662031e-08
9.808901651774215663e-08
9.730788780647403249e-08
9.650760316959269402e-08
9.569083976218926145e-08
9.486040005651075486e-08
9.402067868453821471e-08
9.317730402615650194e-08
9.233309343341293217e-08
9.149359234477371092e-08
9.066444272944777962e-08
8.985204010456455207e-08
8.906219694351699126e-08
8.830117168825646507e-08
8.757505487035316623e-08
8.688720671222786073e-08
8.624633868765983236e-08
8.566123967512760595e-08
8.513491467548666661e-08
8.466749418255994409e-08
8.426210453707412814e-08
8.392035194843565777e-08
8.364365526840882963e-08
8.343096949946226276e-08
8.328228437900236647e-08
8.319750390442162509e-08
8.317568163611252928e-08
8.321598777861570190e-08
8.331682959627390486e-08
8.347612646234326582e-08
8.369230452110157467e-08
8.396402089864577798e-08
8.429031353256490435e-08
8.467441243986859690e-08
8.511675830156087112e-08
8.562037793568664429e-08
8.618673893916820696e-08
8.681718730263652663e-08
8.751405080125934773e-08
8.827920903406636450e-08
8.911410589874528491e-08
9.002653094320957305e-08
9.102433748242723119e-08
9.213715094480045591e-08
9.335441517627519282e-08
9.466680303102390187e-08
9.606114940507186820e-08
9.753822094434026457e-08
9.909632420270166803e-08
1.007356025017315043e-07
1.024518795018154128e-07
1.042451458628272675e-07
1.061131028809091480e-07
1.080559693096146346e-07
1.100722541596143487e-07
1.121609357168442977e-07
1.143225708910430977e-07
1.165554856665941767e-07
1.188578872888195126e-07
1.212303473342235531e-07
1.236846420144513983e-07
1.262100740771416135e-07
1.287984412688445496e-07
1.314550712620652715e-07
1.341714896553766729e-07
1.369479689333581309e-07
1.397831452976069301e-07
1.426727374313842933e-07
1.456208268406533680e-07
1.486232068713650536e-07
1.516728283747750967e-07
1.547827382707569068e-07
1.579550413593254883e-07
1.611821913120492919e-07
1.644571207137494676e-07
1.677907683843875507e-07
1.711828517335507756e-07
1.746223839534558607e-07
1.781120455365137705e-07
1.816639799270375463e-07
1.852524987772599880e-07
1.889188236351917200e-07
1.926379900477261750e-07
1.964059743036416746e-07
2.002425216513244872e-07
2.041310797469870390e-07
2.080719440910034139e-07
2.120835227175127901e-07
2.161449159838615017e-07
2.202670978814214038e-07
2.244583322843855653e-07
2.286988124041117511e-07
2.330077568233591765e-07
2.373833851148584841e-07
2.418037509307131376e-07
2.463037053368589896e-07
2.508637787941193327e-07
2.554721152010382869e-07
2.601685804218546648e-07
2.649146328016055399e-07
2.697187169258032098e-07
2.746169400893340477e-07
2.795562195579141250e-07
2.845735928378523476e-07
2.896828985547323736e-07
2.948307983139311989e-07
3.000772954601291078e-07
3.053902519060057841e-07
3.107218953514241339e-07
3.161858066264844747e-07
3.217161395942904605e-07
3.272650507247348714e-07
3.329756921184929190e-07
3.387387321272398936e-07
3.446121455372888396e-07
3.505746939981426976e-07
3.565506822792211673e-07
3.626411296448654421e-07
3.688280935204242083e-07
3.750398748335189285e-07
3.814175973490942548e-07
3.878646073353676240e-07
3.943664823438969124e-07
4.010324685267551696e-07
4.077392164953044070e-07
4.145320286907213728e-07
4.214629445219925791e-07
4.284501441421996741e-07
4.355471014147110614e-07
4.427613084547588692e-07
4.500448027751426941e-07
4.574495089046722939e-07
4.649595031292601389e-07
4.725513513662382629e-07
4.802656118653936163e-07
4.880857490038814325e-07
4.959977685727927404e-07
5.040074135162560569e-07
5.121224123487314289e-07
5.203661034395692225e-07
5.286906452017587632e-07
5.371022532796765467e-07
5.456320150627813408e-07
5.542603399221005542e-07
5.629789177501423488e-07
5.718175314114411040e-07
5.807727696856196136e-07
5.898301356150337943e-07
5.990048527087104835e-07
6.082949338786473968e-07
6.176962155364864888e-07
6.272190413104425941e-07
6.368573930463498738e-07
6.466005656411274081e-07
6.564377411415614186e-07
6.663650595502786341e-07
6.763857033663003647e-07
6.864995610102030498e-07
6.967101267074379241e-07
7.070224039042274929e-07
7.174436278157954034e-07
7.279790042632535234e-07
7.386342028926118828e-07
7.494182185725379357e-07
7.603364683613009410e-07
7.713970772388257274e-07
7.826060692173351271e-07
7.939732236033415685e-07
8.054986619981192396e-07
8.171872170258754704e-07
8.290380658465728357e-07
8.410624018523476188e-07
8.532542355228672483e-07
8.656279772821132929e-07
8.781832591418662225e-07
8.909188035987415825e-07
9.038316228344078898e-07
9.169190442991299043e-07
9.301791901311446373e-07
9.436121109734441919e-07
9.572195678002831430e-07
9.710042310004778274e-07
9.849698156942258498e-07
9.991208758578274426e-07
1.013462789376524491e-06
1.028001475896385849e-06
1.042743466927386627e-06
1.057695782554323560e-06
1.072865741351033595e-06
1.088260876558912765e-06
1.103888886714597284e-06
1.119757665602110528e-06
1.135875090756162889e-06
1.152249018829097973e-06
1.168887239125567046e-06
1.185797456710509686e-06
1.202987218787061712e-06
1.220463801158448824e-06
1.238234277332643597e-06
1.256305623496658942e-06
1.274684548612909133e-06
1.293377466905422500e-06
1.312390376753747675e-06
1.331728749946196672e-06
1.351397311604409866e-06
1.371400046189910365e-06
1.391740130849485785e-06
1.412420168387019007e-06
1.433442470032597020e-06
1.454809637791604112e-06
1.476525229164544943e-06
1.498593977311507379e-06
1.521021753635358306e-06
1.543815528151206121e-06
1.566983214514519661e-06
1.590533393650551759e-06
1.614475341196102503e-06
1.638818933146303608e-06
1.663574515888247909e-06
1.688752936211016012e-06
1.714365487272693475e-06
1.740423848739069703e-06
1.766939988722717708e-06
1.793926061425767334e-06
1.821394427079328922e-06
1.849357631531387993e-06
1.877828233078393822e-06
1.906818784812316091e-06
1.936341744068452769e-06
1.966409591977358379e-06
1.997034858093832751e-06
2.028229677478881820e-06
2.060006024213665343e-06
2.092375687699839027e-06
2.125350201375495738e-06
2.158940826726965458e-06
2.193158615128197945e-06
2.228014332677985495e-06
2.263518563443183848e-06
2.299681762162420151e-06
2.336514092946689202e-06
2.374025434436437317e-06
2.412225455695556853e-06
2.451123750765995286e-06
2.490729940280719752e-06
2.531053302169174089e-06
2.572103079276838063e-06
2.613888630349342350e-06
2.656419725596885028e-06
2.699706696147435724e-06
2.743760528212281977e-06
2.788592604017101735e-06
2.834215214564093271e-06
2.880641227416545547e-06
2.927883955779390044e-06
2.975957069913042208e-06
3.024874524315125856e-06
3.074651124060216969e-06
3.125301915646957649e-06
3.176842024599459398e-06
3.229287081576846146e-06
3.282652752224249915e-06
3.336955200118630454e-06
3.392210798320082629e-06
3.448435916771254140e-06
3.505647176716837605e-06
3.563861500868154964e-06
3.623095827688752864e-06
3.683367573519755687e-06
3.744694503979161596e-06
3.807094883682506655e-06
3.870587272086954963e-06
3.935190404779652699e-06
4.000923681792917628e-06
4.067807813865920626e-06
4.135865998012862385e-06
4.205125566546761857e-06
4.275619208200048422e-06
4.347378222361833911e-06
4.420400600187955462e-06
4.494701849586407438e-06
4.570297472527218966e-06
4.647203346352128766e-06
4.725435988459423258e-06
4.805012175120967700e-06
4.885948884058839112e-06
4.968263041620990784e-06
5.051971345861828709e-06
5.137090363232945281e-06
5.223640297500566204e-06
5.311644358132445746e-06
5.401113251138373575e-06
5.492063848310603218e-06
5.584515416886070660e-06
5.678489145142998475e-06
5.774008336397069423e-06
5.871096629748426399e-06
5.969775601233957179e-06
6.070066599289907385e-06
6.171992253757105266e-06
6.275575731176978060e-06
6.380839690576652984e-06
6.487803814394544160e-06
6.596487696674047342e-06
6.706914012677321965e-06
6.819111745594748635e-06
6.933114416638348957e-06
7.048956616375003446e-06
7.166673245548357023e-06
7.286298257363231386e-06
7.407864060738666423e-06
7.531399302075088429e-06
7.656932204819307702e-06
7.784494703148204210e-06
7.914119185312649805e-06
8.045834015706919664e-06
8.179670866095196968e-06
8.315670679690111521e-06
8.453862353683787447e-06
8.594272270077178702e-06
8.736955890394488051e-06
8.881936074042221869e-06
9.029244637364905094e-06
9.178929369168205952e-06
9.331019926720827336e-06
9.485554360713734426e-06
9.642571892540531442e-06
9.802110234151261654e-06
9.964209150703119276e-06
1.012890882608293486e-05
1.029625012787498676e-05
1.046627451320519822e-05
1.063902341592840066e-05
1.081453930584695939e-05
1.099286512368280261e-05
1.117404436033959336e-05
1.135812107937550459e-05
1.154513905111661791e-05
1.173514265483097535e-05
1.192817671472603473e-05
1.212428695317702449e-05
1.232351997343677526e-05
1.252592357230535386e-05
1.273154621458652810e-05
1.294043776142476065e-05
1.315264916117394330e-05
1.336823270380845559e-05
1.358724164474800123e-05
1.380972988749635685e-05
1.403575298777109578e-05
1.426536727479818658e-05
1.449863000494675284e-05
1.473559984820928689e-05
1.497633623277602386e-05
1.522089950095108303e-05
1.546935060886623693e-05
1.572175156646060025e-05
1.597816569820411170e-05
1.623865721768132469e-05
1.650329186255044558e-05
1.677213612267992887e-05
1.704525739329043152e-05
1.732272450402829188e-05
1.760460720893670903e-05
1.789097657100942931e-05
1.818190473376942996e-05
1.847746509546167512e-05
1.877773232632280634e-05
1.908278263910348951e-05
1.939269337500136293e-05
1.970754380423437303e-05
2.002741411838317702e-05
2.035238573434098103e-05
2.068254122135941228e-05
2.101796440796199685e-05
2.135874059126120688e-05
2.170495620284598927e-05
2.205669858706303465e-05
2.241405637993916186e-05
2.277711972334917035e-05
2.314598067029354980e-05
2.352073234530729665e-05
2.390146957045601557e-05
2.428828837074670696e-05
2.468128579273860896e-05
2.508056059103533052e-05
2.548621336377330414e-05
2.589834672064341209e-05
2.631706496128708090e-05
2.674247449133823813e-05
2.717468340644001772e-05
2.761380173462109659e-05
2.805994059394825236e-05
2.851321209361175319e-05
2.897372930436061463e-05
2.944160590342062832e-05
2.991695688767650999e-05
3.039989895885528720e-05
3.089055058072808771e-05
3.138903199462781351e-05
3.189546602448453780e-05
3.240997635358723334e-05
3.293268779979445688e-05
3.346372853773466467e-05
3.400322788838796260e-05
3.455132010587676406e-05
3.510814313978060362e-05
3.567383888720618968e-05
3.624855099865045610e-05
3.683242381197843402e-05
3.742560436351919929e-05
3.802824234321987572e-05
3.864049047953078590e-05
3.926250241826094358e-05
3.989443291923845002e-05
4.053643753292461072e-05
4.118867392242682847e-05
4.185130368294757308e-05
4.252449151935981479e-05
4.320840612841239805e-05
4.390322091227388948e-05
4.460911080768568531e-05
4.532625328873110716e-05
4.605482695032142831e-05
4.679501204087358287e-05
4.754699283471542335e-05
4.831095496825012431e-05
4.908708606255573592e-05
4.987557776936384551e-05
5.067662389735906240e-05
5.149042125475876050e-05
5.231716764165035202e-05
5.315706380970088333e-05
5.401031249363698458e-05
5.487711873036292662e-05
5.575769207466649090e-05
5.665224661097469582e-05
5.756100045208902943e-05
5.848417583991634904e-05
5.942199917913400242e-05
6.037469785104678053e-05
6.134250072536996375e-05
6.232563918007443925e-05
6.332434725838978723e-05
6.433886275832987245e-05
6.536942717928148096e-05
6.641628470169145756e-05
6.747968606849214673e-05
6.855988631063175817e-05
6.965714407896983842e-05
7.077172389523676724e-05
7.190389062760688078e-05
7.305391186542611057e-05
7.422206318660013943e-05
7.540862219496802634e-05
7.661387287952922925e-05
7.783810449706980640e-05
7.908160629606743926e-05
8.034467421952500607e-05
8.162760851504848644e-05
8.293071433208231661e-05
8.425430168250404794e-05
8.559868578965683600e-05
8.696418804485837406e-05
8.835113715428115908e-05
8.975986268577851833e-05
9.119069565307381410e-05
9.264396971986179686e-05
9.412002035374734705e-05
9.561918546762273945e-05
9.714181205163056638e-05
9.868826525705133752e-05
1.002589219640857658e-04
1.018541742526473770e-04
1.034744227492677540e-04
1.051200669823296321e-04
1.067915024212984682e-04
1.084891201649830099e-04
1.102133161879743591e-04
1.119644932385396662e-04
1.137430670137826644e-04
1.155494583253619846e-04
1.173840933273409179e-04
1.192474029506831611e-04
1.211398235784255705e-04
1.230617953767994906e-04
1.250137687661597710e-04
1.269962022215114970e-04
1.290095572895270232e-04
1.310543059430873476e-04
1.331309271138373285e-04
1.352399107265915773e-04
1.373817586139243420e-04
1.395569883585907878e-04
1.417661220488764960e-04
1.440096933451688588e-04
1.462882301324764495e-04
1.486022701005558922e-04
1.509523557365406081e-04
1.533390404520267687e-04
1.557628813756998447e-04
1.582244500208848908e-04
1.607243207837629980e-04
1.632630806859336546e-04
1.658413273084291257e-04
1.684596683958927590e-04
1.711187187150201125e-04
1.738191072114128133e-04
1.765614696184512422e-04
1.793464492719275087e-04
1.821746985180470958e-04
1.850468784460482870e-04
1.879636567305776370e-04
1.909257075640657887e-04
1.939337153629404353e-04
1.969883815919660792e-04
2.000904166599120747e-04
2.032405439999371234e-04
2.064394949752229114e-04
2.096880105513023471e-04
2.129868461387963681e-04
2.163367697860259621e-04
2.197385571333824539e-04
2.231929900055704022e-04
2.267008596415052860e-04
2.302629749757525426e-04
2.338801633711183950e-04
2.375532716339605983e-04
2.412831534502215105e-04
2.450706730057947667e-04
2.489167087170391702e-04
2.528221424401721649e-04
2.567878659149092405e-04
2.608147931065085820e-04
2.649038562774100151e-04
2.690559999709381169e-04
2.732721869332905380e-04
2.775533875281871021e-04
2.819005912450740260e-04
2.863147915426162522e-04
2.907969887026469469e-04
2.953482107009923713e-04
2.999694951342871682e-04
3.046619006972140940e-04
3.094264801967732022e-04
3.142642981088234052e-04
3.191764282596440102e-04
3.241639748822547091e-04
3.292280629173069298e-04
3.343698430922138775e-04
3.395904831468152729e-04
3.448911576424225009e-04
3.502730663865266593e-04
3.557374263089994534e-04
3.612854737593276474e-04
3.669184593180070089e-04
3.726376484231872584e-04
3.784443064960130013e-04
3.843397105085930758e-04
3.903251591992455433e-04
3.964019567543042560e-04
4.025714312996935560e-04
4.088349197642506113e-04
4.151937856667662990e-04
4.216494302869317509e-04
4.282032849173778239e-04
4.348567896147403043e-04
4.416113937529223682e-04
4.484685625210521891e-04
4.554297678532061278e-04
4.624964957337716984e-04
4.696702666605044900e-04
4.769526220817199005e-04
4.843451274237429017e-04
4.918493660667275355e-04
4.994669318276337769e-04
5.071994155267754842e-04
5.150484207637380258e-04
5.230155665925097187e-04
5.311024953415419657e-04
5.393108839738849610e-04
5.476424297022595457e-04
5.560988253327205566e-04
5.646817745301913223e-04
5.733930029170462199e-04
5.822342804467904066e-04
5.912073993771304941e-04
6.003141665794973873e-04
6.095564054579780946e-04
6.189359650125371469e-04
6.284547251379758942e-04
6.381145909451222190e-04
6.479174681859588844e-04
6.578652717630752503e-04
6.679599266740511663e-04
6.782033667180622193e-04
6.885975335229896702e-04
6.991443786543993528e-04
7.098458500909004144e-04
7.207039463614944332e-04
7.317206824992508480e-04
7.428981090746914189e-04
7.542382606059715470e-04
7.657431675823669730e-04
7.774148643346007800e-04
7.892553921746561308e-04
8.012668425057454212e-04
8.134513463964687750e-04
8.258110527109965631e-04
8.383481233065744141e-04
8.510647315484640672e-04
8.639630318315543551e-04
8.770451590035305191e-04
8.903132471129004532e-04
9.037694202210515455e-04
9.174157843339499855e-04
9.312544418403391217e-04
9.452874922200351889e-04
9.595170724203632264e-04
9.739453636210332809e-04
9.885745809888328746e-04
1.003406941181326974e-03
1.018444638908146084e-03
1.033689837596582116e-03
1.049144659276951509e-03
1.064811218126426569e-03
1.080691597194559372e-03
1.096787847914004526e-03
1.113102003718764157e-03
1.129636117747341876e-03
1.146392253122637634e-03
1.163372474325482294e-03
1.180578841895990041e-03
1.198013393199025365e-03
1.215678124842461006e-03
1.233574982706705809e-03
1.251705929325357862e-03
1.270072879734898338e-03
1.288677716728370889e-03
1.307522313749368481e-03
1.326608478875636148e-03
1.345937913122031071e-03
1.365512244859750030e-03
1.385333031892397888e-03
1.405401752941371060e-03
1.425719847967552717e-03
1.446288678011625793e-03
1.467109556650581176e-03
1.488183800618740919e-03
1.509512635642118765e-03
1.531097196721119356e-03
1.552938529004741722e-03
1.575037608928133446e-03
1.597395351996300965e-03
1.620012618792007753e-03
1.642890207474453565e-03
1.666028874607554736e-03
1.689429293937126696e-03
1.713091982512125831e-03
1.737017356264043211e-03
1.761205689835958384e-03
1.785657133854324499e-03
1.810371664940115411e-03
1.835349073555702553e-03
1.860588975911015670e-03
1.886090721348915485e-03
1.911853616460354585e-03
1.937876859436777005e-03
1.964159509221598092e-03
1.990700494591289560e-03
2.017498606723857734e-03
2.044552510617421003e-03
2.071860716485266537e-03
2.099421444901296112e-03
2.127232711866358129e-03
2.155292402312891393e-03
2.183598152249487459e-03
2.212147345831512110e-03
2.240937204351771753e-03
2.269964739305233535e-03
2.299226799542536479e-03
2.328720070060772557e-03
2.358440957214981600e-03
2.388385655176449799e-03
2.418550292848633577e-03
2.448930683792005427e-03
2.479522318624983665e-03
2.510320410760117672e-03
2.541319721941448680e-03
2.572514753481725067e-03
2.603899652809016710e-03
2.635468357283504183e-03
2.667214582624420714e-03
2.699131787244783264e-03
2.731213334399835210e-03
2.763452339514015869e-03
2.795841472553858755e-03
2.828373104125021451e-03
2.861039380761863128e-03
2.893832099763099953e-03
2.926742781668507671e-03
2.959762528527403163e-03
2.992882297020496400e-03
3.026092808288146675e-03
3.059384425058100758e-03
3.092746954339399557e-03
3.126169984523235329e-03
3.159642774976061021e-03
3.193154324215054241e-03
3.226693332045932946e-03
3.260248390848692265e-03
3.293808112425230649e-03
3.327360340202561995e-03
3.360892728636048071e-03
3.394392610721639475e-03
3.427846874372755641e-03
3.461242061052434600e-03
3.494564721332522276e-03
3.527801120212510633e-03
3.560937416980197896e-03
3.593959616938724802e-03
3.626853394482936963e-03
3.659604226052524684e-03
3.692197298889405774e-03
3.724617662851557008e-03
3.756850274223558737e-03
3.788879690254954528e-03
3.820690537240713138e-03
3.852267322989550834e-03
3.883594488654066625e-03
3.914656277745251142e-03
3.945436619235260373e-03
3.975919482948000669e-03
4.006088961807695650e-03
4.035929095009569388e-03
4.065424014285416374e-03
4.094557765585081846e-03
4.123314442154102713e-03
4.151678105965774142e-03
4.179633038804885826e-03
4.207163434397519566e-03
4.234253454586758315e-03
4.260887600341534825e-03
4.287050593478422371e-03
4.312727159234451720e-03
4.337902426227931672e-03
4.362561816214360032e-03
4.386690662739084479e-03
4.410274935111835673e-03
4.433300813825907100e-03
4.455754695604469996e-03
4.477623465638398519e-03
4.498894260918096834e-03
4.519555059519615552e-03
4.539594010234663038e-03
4.558999225062195654e-03
4.577759899556108243e-03
4.595865193793891718e-03
4.613304899384302639e-03
4.630069086129926653e-03
4.646148787834019495e-03
4.661535642731094546e-03
4.676221690217655103e-03
4.690199678572280761e-03
4.703462647379573827e-03
4.716004390382380271e-03
4.727819106767372145e-03
4.738901795166109397e-03
4.749248011390045342e-03
4.758853758353769059e-03
4.767715895339216456e-03
4.775832147246363360e-03
4.783200361854815681e-03
4.789819309606548579e-03
4.795688160381249288e-03
4.800807106440240120e-03
4.805177232141992147e-03
4.808799882196392213e-03
4.811677352555468641e-03
4.813811971303107694e-03
4.815207006775852616e-03
4.815866499177894576e-03
4.815794974207419574e-03
4.814997431004657859e-03
4.813479604949225110e-03
4.811247893625024939e-03
4.808309343292622821e-03
4.804671388605873117e-03
4.800341924892004633e-03
4.795329468479601551e-03
4.789642971311348398e-03
4.783291846256986640e-03
4.776286072537576019e-03
4.768636471769356795e-03
4.760354104947493899e-03
4.751450318580844809e-03
4.741936837696378824e-03
4.731825703393301337e-03
4.721129419915090671e-03
4.709861156582868282e-03
4.698035090367958487e-03
4.685664752372200974e-03
4.672764188451618284e-03
4.659348145312849215e-03
4.645431121750383426e-03
4.631028095138919887e-03
4.616154716466599507e-03
4.600826579742044870e-03
4.585059759971051203e-03
4.568870206420404256e-03
4.552274378620632493e-03
4.535289212782216833e-03
4.517931599599492656e-03
4.500218411043922263e-03
4.482166403231071898e-03
4.463792489904943282e-03
4.445114237100950862e-03
4.426149355506205085e-03
4.406915054202219933e-03
4.387428230001411654e-03
4.367706446065640867e-03
4.347768024870949169e-03
4.327630404705237917e-03
4.307310836367797026e-03
4.286826468223183841e-03
4.266194649135305467e-03
4.245432643585419705e-03
4.224557699355771523e-03
4.203587532804735176e-03
4.182539342594052828e-03
4.161429934126937603e-03
4.140275899694429752e-03
4.119093757432562737e-03
4.097900137055617530e-03
4.076711054608417838e-03
4.055542605770752658e-03
4.034410620784785115e-03
4.013331047409155784e-03
3.992319389067432167e-03
3.971390546608395689e-03
3.950559938392132417e-03
3.929842084530111440e-03
3.909251130905093928e-03
3.888801398682206062e-03
3.868507031364375268e-03
3.848381036876912659e-03
3.828436447724414566e-03
3.808686371612630354e-03
3.789143819666084163e-03
3.769820937734949702e-03
3.750728594240828034e-03
3.731878542756869501e-03
3.713282463140441404e-03
3.694950559685343441e-03
3.676892758756471029e-03
3.659119011581023640e-03
3.641639297303828592e-03
3.624462629787915131e-03
3.607597782526646060e-03
3.591052712617016137e-03
3.574834868713017144e-03
3.558951850007641832e-03
3.543410784536425717e-03
3.528218368615681014e-03
3.513380813318187947e-03
3.498904250693849090e-03
3.484794469940639180e-03
3.471056766074977033e-03
3.457695713922568845e-03
3.444715598935936540e-03
3.432120780897759960e-03
3.419915437517626229e-03
3.408102587874634916e-03
3.396685279096956465e-03
3.385666763896366584e-03
3.375050460783532956e-03
3.364839152882251241e-03
3.355036258589908209e-03
3.345644937970921468e-03
3.336669544453566873e-03
3.328115103906251204e-03
3.319987748163067461e-03
3.312296090977867764e-03
3.305053621812225912e-03
3.298273708783698403e-03
3.292036983229774429e-03
3.286342196081057897e-03
3.281063206728770682e-03
3.276176054060137011e-03
3.271647430622078717e-03
3.267445968904183345e-03
3.263545740988419569e-03
3.259925085194137657e-03
3.256564646492118940e-03
3.253446691659032247e-03
3.250554505123563753e-03
3.247872383838061334e-03
3.245385527708674438e-03
3.243079661295351218e-03
3.240941233771005379e-03
3.238957034759164504e-03
3.237114414626759713e-03
3.235400770440094789e-03
3.233804102204137793e-03
3.232313293092135744e-03
3.230917165500647725e-03
3.229605085756403690e-03
3.228366586206156841e-03
3.227212348037555509e-03
3.226112427236396598e-03
3.225035977006246966e-03
3.223994652214302523e-03
3.222979127400386196e-03
3.222026448779708938e-03
3.221037800778455210e-03
3.220049382849363324e-03
3.219052945548036161e-03
3.218040416527581660e-03
3.217023354131677386e-03
3.215975961660760829e-03
3.214898500133473152e-03
3.213778052641236890e-03
3.212577993981976469e-03
3.211319958605260514e-03
3.209997887175949482e-03
3.208605462386438824e-03
3.207136421643034044e-03
3.205584808033648276e-03
3.203945514241754357e-03
3.202213466953735856e-03
3.200383452549128600e-03
3.198450379176666879e-03
3.196409429941770002e-03
3.194256082555453277e-03
3.191985946944952187e-03
3.189594462753880377e-03
3.187077234868655740e-03
3.184430120377667716e-03
3.181649261643901792e-03
3.178731030748374944e-03
3.175671923477476916e-03
3.172496459603467607e-03
3.169145444710543512e-03
3.165644149835280911e-03
3.161989784874777616e-03
3.158179771321660730e-03
3.154211676823315356e-03
3.150083256178560272e-03
