1.106919378667862644e-07
1.107110043464748227e-07
1.106927538288358883e-07
1.106707431793952317e-07
1.106432789502875435e-07
1.106116632478610375e-07
1.105698762251688499e-07
1.105819423452486228e-07
1.105451695116569147e-07
1.104823725068707450e-07
1.103401165653151802e-07
1.104371006502548226e-07
1.102624189199405993e-07
1.101901688517579849e-07
1.100890748944448268e-07
1.099816034366797107e-07
1.098812198920676410e-07
1.097736303164033030e-07
1.096667791815559314e-07
1.095571788301280921e-07
1.094452962113239736e-07
1.093320783538614282e-07
1.092025959492311402e-07
1.090682922698269194e-07
1.089246351203775866e-07
1.087740593676302662e-07
1.086151192125800888e-07
1.084469788598058645e-07
1.082647881433277112e-07
1.080641420215039229e-07
1.078447893301763937e-07
1.076114931533152381e-07
1.073618513793049745e-07
1.070915650318510997e-07
1.068006350725006774e-07
1.064821858291248671e-07
1.061387661801575616e-07
1.057696418882783380e-07
1.053727977889132437e-07
1.049470245044411422e-07
1.044902459001458239e-07
1.039992557204111324e-07
1.034750759457031527e-07
1.029609517323081436e-07
1.023412218572850079e-07
1.017147649098742145e-07
1.010583275793711173e-07
1.003706489750221927e-07
9.965190873344922545e-08
9.890181736773941265e-08
9.812402778762429739e-08
9.732234247738996545e-08
9.649911891505826974e-08
9.565742122647264111e-08
9.480270037537047466e-08
9.393831225980044741e-08
9.307030997294474707e-08
9.220366869446292073e-08
9.134408941656556820e-08
9.049871179944788610e-08
8.967620346936844193e-08
8.888077461022976039e-08
8.812064724753413121e-08
8.740290723217265596e-08
8.673387944334113296e-08
8.611986931936022767e-08
8.556523825915670697e-08
8.507435533762779798e-08
8.464634817704437238e-08
8.428826599941066908e-08
8.400212568086230510e-08
8.378844399210481071e-08
8.363782831023602997e-08
8.355278276549632206e-08
8.353264699343403974e-08
8.357707637648711887e-08
8.368355026056364552e-08
8.385130722745864380e-08
8.407933545999727502e-08
8.436597790609860457e-08
8.471028334121994665e-08
8.511252285092063231e-08
8.557326192452909193e-08
8.609314405278338250e-08
8.667308519223154848e-08
8.731330218838788911e-08
8.801871352068153551e-08
8.879255435882294577e-08
8.964415594154183783e-08
9.058539109946926514e-08
9.162650439701560979e-08
9.278394863832491795e-08
9.403230579202096228e-08
9.536999881227927049e-08
9.679410613285380948e-08
9.830280648745846264e-08
9.989370985901643610e-08
1.015648310268299462e-07
1.033175996780599861e-07
1.051420118331385923e-07
1.070419066611563213e-07
1.090158427028145344e-07
1.110649783945927289e-07
1.131845202504403223e-07
1.153754771746490573e-07
1.176340547203192308e-07
1.199631615993689063e-07
1.223616061386197948e-07
1.248302909468364372e-07
1.273737426045745340e-07
1.299835888548327398e-07
1.326579740646651231e-07
1.353955254506059382e-07
1.381957178184202351e-07
1.410570023251919339e-07
1.439685928635728662e-07
1.469483217847412441e-07
1.499864808593351459e-07
1.530811839178957715e-07
1.562363749894333771e-07
1.594419573074773096e-07
1.627044613279137214e-07
1.660239262790213096e-07
1.693926376612988120e-07
1.728249543343006168e-07
1.763177377893652798e-07
1.798636854257838987e-07
1.834749675737264969e-07
1.871399392222529326e-07
1.908613919222513985e-07
1.946405861960255620e-07
1.984802949103087393e-07
2.023842023415967268e-07
2.063447654763375875e-07
2.103683871474359535e-07
2.144561241181873521e-07
2.186072522279514761e-07
2.228191068329416995e-07
2.270967059524027082e-07
2.314351711306777474e-07
2.358347993763179508e-07
2.403031358813267615e-07
2.448312813429274734e-07
2.494252803998842627e-07
2.540922504423259289e-07
2.588171077627863341e-07
2.636167843997393138e-07
2.684903691780275908e-07
2.734223245893246377e-07
2.784389114451580239e-07
2.835248225429902149e-07
2.886707385970745110e-07
2.939107159909980177e-07
2.992126347680153775e-07
3.045818185412544988e-07
3.100554498639913081e-07
3.155822271404712585e-07
3.212004658632570000e-07
3.269154906654974450e-07
3.326576202542028043e-07
3.385026102873290987e-07
3.444581411388532988e-07
3.504419214593048203e-07
3.565615142334547185e-07
3.627601390713064381e-07
3.690977254994535025e-07
3.755166116670250575e-07
3.819620279641995288e-07
3.885294123876890811e-07
3.951978528665045228e-07
4.019002841524940316e-07
4.087325509931830495e-07
4.156971806833406384e-07
4.227376430599040877e-07
4.298867032182194550e-07
4.371113913192733907e-07
4.444285065084615931e-07
4.518724588135972267e-07
4.593978795384470719e-07
4.670245481279247287e-07
4.747757458088500161e-07
4.826126224252491725e-07
4.905495590799439195e-07
4.986323489771903654e-07
5.068048861660636690e-07
5.150570870663773421e-07
5.234783789703125233e-07
5.319885904673739950e-07
5.405839283287173886e-07
5.492886668421676384e-07
5.580918321362356327e-07
5.669929885743435110e-07
5.759946561757441561e-07
5.850867208015844615e-07
5.942908605777735142e-07
6.036000448875988168e-07
6.130184947803793514e-07
6.225502924195404743e-07
6.321977808077294044e-07
6.419679958189614317e-07
6.518656614978821645e-07
6.618899956896820600e-07
6.720442555699532279e-07
6.823302966449372498e-07
6.927423535835318568e-07
7.032693244218577778e-07
7.139269892161001516e-07
7.247044180848324240e-07
7.356013457257759502e-07
7.466312012854485929e-07
7.577834845345292326e-07
7.690678041457599362e-07
7.804946365107147089e-07
7.920777540955076117e-07
8.038238553950671403e-07
8.157373486834107847e-07
8.278335938681989564e-07
8.401140713552704144e-07
8.525899662529760469e-07
8.652654934048013610e-07
8.781474438549008782e-07
8.912349846372702087e-07
9.045397571116231571e-07
9.180504467400613367e-07
9.317683160455340204e-07
9.456990052847069328e-07
9.598337639256251949e-07
9.741716658891422890e-07
9.887117948809237546e-07
1.003457033623028835e-06
1.018414153649194905e-06
1.033590424850254990e-06
1.048993777147891967e-06
1.064632614323942540e-06
1.080515967086495694e-06
1.096653394058052614e-06
1.113054641821794626e-06
1.129729315222656264e-06
1.146687007467218240e-06
1.163937243967266399e-06
1.181489437663468145e-06
1.199352976246081704e-06
1.217537300188697535e-06
1.236051932128920560e-06
1.254906530834480360e-06
1.274110648704636002e-06
1.293673566150140860e-06
1.313604085359322711e-06
1.333910384111406248e-06
1.354599991712478786e-06
1.375679648910689685e-06
1.397155169757212565e-06
1.419031503666290431e-06
1.441312864975614395e-06
1.464003278337088950e-06
1.487107242542498061e-06
1.510630351697598625e-06
1.534579489154048314e-06
1.558962901965744211e-06
1.583790060035613846e-06
1.609071603210250505e-06
1.634819046353564950e-06
1.661044641022238112e-06
1.687761209110189204e-06
1.714981861292474596e-06
1.742719912805535826e-06
1.770988883885487267e-06
1.799802340785951205e-06
1.829173714953280882e-06
1.859116404725622334e-06
1.889643724305873637e-06
1.920768868145349196e-06
1.952505056367162595e-06
1.984865523590304696e-06
2.017863435448788771e-06
2.051511849215312243e-06
2.085823736421347777e-06
2.120811927727247082e-06
2.156489116891360225e-06
2.192867779304926684e-06
2.229960113541043437e-06
2.267777980096183847e-06
2.306333039596532633e-06
2.345636724721023092e-06
2.385699987957232715e-06
2.426533463867085525e-06
2.468147611284676919e-06
2.510552833129805309e-06
2.553759614096722952e-06
2.597778740909126280e-06
2.642621450076327410e-06
2.688299614112349002e-06
2.734825977255317915e-06
2.782214018211151384e-06
2.830477903523333206e-06
2.879632474233896064e-06
2.929693324062880773e-06
2.980676939098436233e-06
3.032600247855041783e-06
3.085480738316361031e-06
3.139336396438348498e-06
3.194185946547121346e-06
3.250049168016793555e-06
3.306947189397016224e-06
3.364902729689906021e-06
3.423940911119558928e-06
3.484088687186676282e-06
3.545374021230841535e-06
3.607830566743254175e-06
3.671489103968087387e-06
3.736333458851310619e-06
3.802372645833762469e-06
3.869621213328177784e-06
3.938095759697944991e-06
4.007813628384557906e-06
4.078792992908822953e-06
4.151052380070077155e-06
4.224610152572503372e-06
4.299484628627560586e-06
4.375693992266294140e-06
4.453257182220687760e-06
4.532196343141183836e-06
4.612529864807364072e-06
4.694270768091041583e-06
4.777436812935129786e-06
4.862051760026877973e-06
4.948133533461020223e-06
5.035696150592812662e-06
5.124758698998585287e-06
5.215342954471092225e-06
5.307471529999256586e-06
5.401166884359690632e-06
5.496452277929809469e-06
5.593352465358672220e-06
5.691892775127783632e-06
5.792099024359900750e-06
5.893997741938387126e-06
5.997616139137806508e-06
6.102981949950680460e-06
6.210123219579220295e-06
6.319068655998892927e-06
6.429847720003585631e-06
6.542490346592778181e-06
6.657027330485325100e-06
6.773490042912540477e-06
6.891910098406828259e-06
7.012319330339377514e-06
7.134750698375669651e-06
7.259238128496392777e-06
7.385815112657935649e-06
7.514516213775966094e-06
7.645377906789578492e-06
7.778432927935526338e-06
7.913716078887280796e-06
8.051268179170322420e-06
8.191109152996059472e-06
8.333282990102349353e-06
8.477820786298226934e-06
8.624757362235921664e-06
8.774142640586107914e-06
8.926025324732695068e-06
9.080455009348720378e-06
9.237478016935218340e-06
9.397138142574583815e-06
9.559477824070381386e-06
9.724539145638151909e-06
9.892364850127512881e-06
1.006299829303802044e-05
1.023648343217225367e-05
1.041286495588207968e-05
1.059218846076591351e-05
1.077449984414664744e-05
1.095984527124471468e-05
1.114827149094730320e-05
1.133982616793945440e-05
1.153455795819252363e-05
1.173251687381026623e-05
1.193375431684551493e-05
1.213832315339305370e-05
1.234627745319064098e-05
1.255767227420742997e-05
1.277256448130253531e-05
1.299101232205600182e-05
1.321307524301825594e-05
1.343881371024954009e-05
1.366828879290621521e-05
1.390156313743256578e-05
1.413870063821199777e-05
1.437976677441598880e-05
1.462482895868690174e-05
1.487395521578923489e-05
1.512721418652668020e-05
1.538467561634734949e-05
1.564641103397969898e-05
1.591249305831388301e-05
1.618299588576314630e-05
1.645799507738857938e-05
1.673756695418574314e-05
1.702178891683592691e-05
1.731074039470599255e-05
1.760450196602986840e-05
1.790315531924461907e-05
1.820678388995365174e-05
1.851547244868791698e-05
1.882930686860249475e-05
1.914837459896903183e-05
1.947276422312247044e-05
1.980256530747061529e-05
2.013786861198029292e-05
2.047876639526573762e-05
2.082535183683027768e-05
2.117772010151759015e-05
2.153596802199934395e-05
2.190019415647261766e-05
2.227049871604342278e-05
2.264698395844330465e-05
2.302975358289630962e-05
2.341891347195421458e-05
2.381457217481945259e-05
2.421684006732254901e-05
2.462582959253108665e-05
2.504165492642867116e-05
2.546443230603582332e-05
2.589428011627300789e-05
2.633131832377817369e-05
2.677566890126502547e-05
2.722745591046542188e-05
2.768680535346897760e-05
2.815384543779115851e-05
2.862870575194336115e-05
2.911151816467538522e-05
2.960241705832486207e-05
3.010153852757562688e-05
3.060902152759950470e-05
3.112500807891345814e-05
3.164964251587699116e-05
3.218307068033411699e-05
3.272544143550383528e-05
3.327690573033792302e-05
3.383761718626675577e-05
3.440773210600192475e-05
3.498740991639367104e-05
3.557681270919636074e-05
3.617610542550756463e-05
3.678545508380788500e-05
3.740503193249286937e-05
3.803500805887021906e-05
3.867555933124260917e-05
3.932686449801648336e-05
3.998910455932445495e-05
4.066246168793665193e-05
4.134711984687772463e-05
4.204326575359448843e-05
4.275108791908186363e-05
4.347077796868939025e-05
4.420252920124239228e-05
4.494653629768766850e-05
4.570299371502307945e-05
4.647209941414454440e-05
4.725405500918574943e-05
4.804906916977196794e-05
4.885735792288531675e-05
4.967914113444500869e-05
5.051464062659406123e-05
5.136408133355273135e-05
5.222769026979654883e-05
5.310570006332319596e-05
5.399835046634473401e-05
5.490588766384278381e-05
5.582856290388857573e-05
5.676663258740049004e-05
5.772035535631790833e-05
5.868999178525158809e-05
5.967580496813377599e-05
6.067805872558890330e-05
6.169702186550178895e-05
6.273296624283099428e-05
6.378616765123304054e-05
6.485690665900207055e-05
6.594546730203725514e-05
6.705213604605623720e-05
6.817720655836892810e-05
6.932097337464982357e-05
7.048373757647268575e-05
7.166580306427784979e-05
7.286747860734984312e-05
7.408907684579870117e-05
7.533091707725873625e-05
7.659332245226634821e-05
7.787662160600944752e-05
7.918115093052796301e-05
8.050725204774211372e-05
8.185527310205099188e-05
8.322556640555863502e-05
8.461848845516857379e-05
8.603439961714110526e-05
8.747366332672542363e-05
8.893664815554481009e-05
9.042372633210645069e-05
9.193527596722649432e-05
9.347168127864302416e-05
9.503333247188057551e-05
9.662062577779792721e-05
9.823396538194808028e-05
9.987376066543582885e-05
1.015404290075385259e-04
1.032343974715368523e-04
1.049561017481078125e-04
1.067059851842750909e-04
1.084845005591477611e-04
1.102921036366853004e-04
1.121292579528393424e-04
1.139964357249066874e-04
1.158941174265063563e-04
1.178227923340740137e-04
1.197829567238931282e-04
1.217751171136695571e-04
1.237997876148710127e-04
1.258574865899030255e-04
1.279487366287999656e-04
1.300740667130853209e-04
1.322340098570321638e-04
1.344291069787165584e-04
1.366599093654169189e-04
1.389269889807826213e-04
1.412309307166451121e-04
1.435723419876368181e-04
1.459518411910025004e-04
1.483700498491751527e-04
1.508275889880852981e-04
1.533250805791126368e-04
1.558631523980953182e-04
1.584424465205909406e-04
1.610636192853373658e-04
1.637273402372641841e-04
1.664342901625912735e-04
1.691851564243674916e-04
1.719806363281099044e-04
1.748214297086991234e-04
1.777082521716731101e-04
1.806418322079677880e-04
1.836229087488077695e-04
1.866522341363472065e-04
1.897305709247312528e-04
1.928587025628030621e-04
1.960374327564381677e-04
1.992675774694600149e-04
2.025499684126529402e-04
2.058854460026831885e-04
2.092748556410560436e-04
2.127190537460404898e-04
2.162189075662738244e-04
2.197753005347157277e-04
2.233891343927188759e-04
2.270613249606646055e-04
2.307927993428565087e-04
2.345844970715964240e-04
2.384373705841894280e-04
2.423523909432475959e-04
2.463305493548493793e-04
2.503728579948332291e-04
2.544803440125894276e-04
2.586540496205361216e-04
2.628950249607691519e-04
2.672043353110345248e-04
2.715830560045275044e-04
2.760322844891458394e-04
2.805531333150976855e-04
2.851467370486415309e-04
2.898142515944692713e-04
2.945568522901970934e-04
2.993757306849442984e-04
3.042720918530993622e-04
3.092471707973588565e-04
3.143022173558101358e-04
3.194385136323624587e-04
3.246573444307853306e-04
3.299600173169645588e-04
3.353478479962323697e-04
3.408221728642445766e-04
3.463843584078819685e-04
3.520357980477629642e-04
3.577779113733608259e-04
3.636121210093745866e-04
3.695398791091436628e-04
3.755626471689704521e-04
3.816819259152778605e-04
3.878992437844644382e-04
3.942161621315829747e-04
4.006342650955263952e-04
4.071551597819361365e-04
4.137804802762129366e-04
4.205118734754261975e-04
4.273510023146540244e-04
4.342995446708122200e-04
4.413592059227305821e-04
4.485317185102099397e-04
4.558188551775412814e-04
4.632224002927074597e-04
4.707441696043313298e-04
4.783860069764279770e-04
4.861497914030705829e-04
4.940374127624679902e-04
5.020507861770089975e-04
5.101918613581751154e-04
5.184626228120263686e-04
5.268650855083769138e-04
5.354013014020359441e-04
5.440733504907095414e-04
5.528833454059880982e-04
5.618334121107937049e-04
5.709256994768303114e-04
5.801623933770951730e-04
5.895457210862944291e-04
5.990779548864936035e-04
6.087613911662117074e-04
6.185983508005901167e-04
6.285911975542657652e-04
6.387423229461799750e-04
6.490541476695785338e-04
6.595291269695321718e-04
6.701697503962465241e-04
6.809785257979160010e-04
6.919579748566982843e-04
7.031106910770104591e-04
7.144393094741845413e-04
7.259465132316612630e-04
7.376350212802649251e-04
7.495075882395904523e-04
7.615669796532003374e-04
7.738159827525268892e-04
7.862574142822110253e-04
7.988941257685543964e-04
8.117289949462157522e-04
8.247649370145155321e-04
8.380048901066327639e-04
8.514518293368578995e-04
8.651087737995388337e-04
8.789787930434777696e-04
8.930650124326616323e-04
9.073705861445417655e-04
9.218987003459610087e-04
9.366525874481894344e-04
9.516355207326058444e-04
9.668508038883022807e-04
9.823017848623479507e-04
9.979918384663368815e-04
1.013924368992682578e-03
1.030102785706842657e-03
1.046530523644254420e-03
1.063211045444100843e-03
1.080147840676765015e-03
1.097344466652268574e-03
1.114804519684613106e-03
1.132531629724178824e-03
1.150529452748637587e-03
1.168801676198341372e-03
1.187352012565505302e-03
1.206184214556307085e-03
1.225302075765082738e-03
1.244709446855189446e-03
1.264410209626889298e-03
1.284408298283556396e-03
1.304707665833458466e-03
1.325312290854489729e-03
1.346226159392801104e-03
1.367453244155787846e-03
1.388997528618352755e-03
1.410863021711167634e-03
1.433053752655886505e-03
1.455573811138561637e-03
1.478427336734892831e-03
1.501618508715115525e-03
1.525151557667331348e-03
1.549030724389035803e-03
1.573260247597002733e-03
1.597844333598924483e-03
1.622787154889827194e-03
1.648092904504133141e-03
1.673765752313738017e-03
1.699809885583241330e-03
1.726229467981974051e-03
1.753028695491802395e-03
1.780211790417308938e-03
1.807782983504847623e-03
1.835746475782094791e-03
1.864106441905087532e-03
1.892867020181599564e-03
1.922032347874835442e-03
1.951606594510114142e-03
1.981593965512390334e-03
2.011998662374676460e-03
2.042824880465794832e-03
2.074076723454481002e-03
2.105758221329849522e-03
2.137873345130164669e-03
2.170426024553437014e-03
2.203420103763340139e-03
2.236859372541862706e-03
2.270747549670772050e-03
2.305088345711188251e-03
2.339885458306591344e-03
2.375142469191406005e-03
2.410862859220690851e-03
2.447050034200021814e-03
2.483707295983400478e-03
2.520837849324168017e-03
2.558444823039580061e-03
2.596531252053875614e-03
2.635100096295383588e-03
2.674154235321486456e-03
2.713696423807432975e-03
2.753729287951944306e-03
2.794255327619960504e-03
2.835276912697226245e-03
2.876796266219519126e-03
2.918815390059387518e-03
2.961336049082718101e-03
3.004359779957689429e-03
3.047888022642681900e-03
3.091922066662526180e-03
3.136463022799580724e-03
3.181511791855643704e-03
3.227069034432591705e-03
3.273135213316276469e-03
3.319710536484548214e-03
3.366794929515843846e-03
3.414388149898083067e-03
3.462489718188308321e-03
3.511098816427152269e-03
3.560214378562342411e-03
3.609835060760639182e-03
3.659959237707369802e-03
3.710585081343429140e-03
3.761710517708934890e-03
3.813333133447028081e-03
3.865450144840677522e-03
3.918058559976748435e-03
3.971154975387588583e-03
4.024735624206713866e-03
4.078796359476872732e-03
4.133332462964860871e-03
4.188338805174862331e-03
4.243809820231090810e-03
4.299739543473605000e-03
4.356121696680168541e-03
4.412949657062832307e-03
4.470216594296625746e-03
4.527915353988283542e-03
4.586038171481721798e-03
4.644576767135128077e-03
4.703522319506064746e-03
4.762865493390406463e-03
4.822596436418106688e-03
4.882704596549797271e-03
4.943179067411198821e-03
5.004008664733747974e-03
5.065181895758400811e-03
5.126686735840005338e-03
5.188510801532950599e-03
5.250641212329745268e-03
5.313064532022436677e-03
5.375766717815384094e-03
5.438733161305165688e-03
5.501948942093596272e-03
5.565398227565162940e-03
5.629064729752140256e-03
5.692931549963058634e-03
5.756981185388083781e-03
5.821195578778273066e-03
5.885556412032573112e-03
5.950044906104765691e-03
6.014641965995733315e-03
6.079328132649011729e-03
6.144083286758855213e-03
6.208886926179172684e-03
6.273718094524578445e-03
6.338555158043813337e-03
6.403376007957786893e-03
6.468158099950001294e-03
6.532878308228714896e-03
6.597513176030314619e-03
6.662038959305850369e-03
6.726431571409385683e-03
6.790666560411801923e-03
6.854719168980650222e-03
6.918564181165021663e-03
6.982176334718925848e-03
7.045530186836687983e-03
7.108599823251588595e-03
7.171358971312131493e-03
7.233781265237656383e-03
7.295840282961593877e-03
7.357509249696721557e-03
7.418761358454244864e-03
7.479569890696318932e-03
7.539907703402324440e-03
7.599747600447474306e-03
7.659062377462995223e-03
7.717824941604189450e-03
7.776008245937924591e-03
7.833585384009434174e-03
7.890529570741686843e-03
7.946814060568855448e-03
8.002412279514254170e-03
8.057298028951666649e-03
8.111445562752049934e-03
8.164829212579213097e-03
8.217423416741925432e-03
8.269202999025579079e-03
8.320142936330475816e-03
8.370218934896115834e-03
8.419407052305531713e-03
8.467684068066250180e-03
8.515027335270626899e-03
8.561414565479838132e-03
8.606824321392687535e-03
8.651235503998889673e-03
8.694627687734388446e-03
8.736981192248593348e-03
8.778277066470900961e-03
8.818496662972781161e-03
8.857622403738026409e-03
8.895637668257672798e-03
8.932526569358020460e-03
8.968273971314949175e-03
9.002865301557742839e-03
9.036286955187985276e-03
9.068526289467537110e-03
9.099571403124362759e-03
9.129411487455416779e-03
9.158036814271510936e-03
9.185438263129114614e-03
9.211607644206030662e-03
9.236537640727907755e-03
9.260221896164268565e-03
9.282654573782746568e-03
9.303830653126326372e-03
9.323746591211785201e-03
9.342399663302553003e-03
9.359788016690328769e-03
9.375910507827142637e-03
9.390767026106576487e-03
9.404358313110943238e-03
9.416685739466922750e-03
9.427751594855236089e-03
9.437558961249406866e-03
9.446112095275483247e-03
9.453415884136206690e-03
9.459475938942351128e-03
9.464298620587785482e-03
9.467891066666643540e-03
9.470261243133224274e-03
9.471418058710634122e-03
9.471370706613961576e-03
9.470129319375497276e-03
9.467705279034503707e-03
9.464110004449745664e-03
9.459355799331804759e-03
9.453455804163967552e-03
9.446423604211941563e-03
9.438273431958667248e-03
9.429020045767821587e-03
9.418678749553174509e-03
9.407265883826660888e-03
9.394798532434777902e-03
9.381294287072365970e-03
9.366771034471213508e-03
9.351247299698581955e-03
9.334742069812374671e-03
9.317275073380724970e-03
9.298866490435243881e-03
9.279537015451939236e-03
9.259307588637157721e-03
9.238199658659011770e-03
9.216235415474272746e-03
9.193437764313784621e-03
9.169829957438785373e-03
9.145435488316529943e-03
9.120278029641017831e-03
9.094381866944787132e-03
9.067771700725457337e-03
9.040472608100001695e-03
9.012509731926401577e-03
8.983908939931704168e-03
8.954696022149941440e-03
8.924897439249741826e-03
8.894539790202922111e-03
8.863649826089923384e-03
8.832254181199407361e-03
8.800380056115556654e-03
8.768054633988775493e-03
8.735305202507006456e-03
8.702159049329159790e-03
8.668643741078582363e-03
8.634786858605286025e-03
8.600615818028834597e-03
8.566158304257196626e-03
8.531441564883892117e-03
8.496492444644409420e-03
8.461338215548341868e-03
8.426005726067414825e-03
8.390521524359456640e-03
8.354912278745433782e-03
8.319204729533553541e-03
8.283424944143110216e-03
8.247598487262721573e-03
8.211750645889595579e-03
8.175906757766132973e-03
8.140091876716574679e-03
8.104330749538347922e-03
8.068647574146190632e-03
8.033065400482673757e-03
7.997606887523229374e-03
7.962294733383565651e-03
7.927151612790421173e-03
7.892199288288298531e-03
7.857458677962629937e-03
7.822950078013988021e-03
7.788693610586012485e-03
7.754708522903591000e-03
7.721013681778929848e-03
7.687627238085924936e-03
7.654566841188569122e-03
7.621849352025412278e-03
7.589490671863530907e-03
7.557506399325679587e-03
7.525911655997156481e-03
7.494721087107454258e-03
7.463948126274429912e-03
7.433606030459498359e-03
7.403706752661990374e-03
7.374261907947841053e-03
7.345282684786550234e-03
7.316779298481314135e-03
7.288761749490211585e-03
7.261239451105740497e-03
7.234221102420120009e-03
7.207714776317878519e-03
7.181727887582247880e-03
7.156267798077818251e-03
7.131341364974238574e-03
7.106955286726705616e-03
7.083115853790547013e-03
7.059828846494402114e-03
7.037100638806343886e-03
7.014938061602018701e-03
6.993348581560402191e-03
6.972342366441870200e-03
6.951933617662687907e-03
6.932138154940212585e-03
6.912966522584639180e-03
6.894469320280783090e-03
6.876775817035398440e-03
6.859721035426199348e-03
6.843211762121489267e-03
6.827218107298269577e-03
6.811713565155132384e-03
6.796672499084512563e-03
6.782070484846462743e-03
6.767885117392765174e-03
6.754118241922615548e-03
6.740728413456377292e-03
6.727674608999664393e-03
6.714961550811040202e-03
6.702571332318526046e-03
6.690528861620867809e-03
6.678733858718526907e-03
6.667211310230307733e-03
6.655944721395180147e-03
6.644917665883847378e-03
6.634123985035190151e-03
6.623538198379421392e-03
6.613159144027952289e-03
6.602957415714191813e-03
6.592891228420533385e-03
6.582971014718008024e-03
6.573181354351773607e-03
6.563506960970280982e-03
6.553932840773098005e-03
6.544444350391268039e-03
6.535027101519686431e-03
6.525666413244477111e-03
6.516347676568360822e-03
6.507056726373588659e-03
6.497779989280744531e-03
6.488503807490797817e-03
6.479214376904652954e-03
6.469898301626844130e-03
6.460542518893287386e-03
6.451134033994134626e-03
6.441659988500054133e-03
6.432107861961796486e-03
6.422465487088721385e-03
6.412771614567690411e-03
6.402913547876336840e-03
6.392930075748429891e-03
6.382809992599568216e-03
6.372542599877492435e-03
6.362117270201013940e-03
6.351523559485578938e-03
