1.106866618615082687e-07
1.106989438986540691e-07
1.106681600839034509e-07
1.106341275389756214e-07
1.105940934064782842e-07
1.105492034791820509e-07
1.104980362876547441e-07
1.105275074167464243e-07
1.104170385081188863e-07
1.103249106715423399e-07
1.102157994924650460e-07
1.101299683336254964e-07
1.100388840975330906e-07
1.099551402794987828e-07
1.098589723776528115e-07
1.097540883790374298e-07
1.096317774325512285e-07
1.094978325176389516e-07
1.093618732531080950e-07
1.092217645854609686e-07
1.090757546958234688e-07
1.089339032462266346e-07
1.087652564821543911e-07
1.085860619196010921e-07
1.083946103602040169e-07
1.081930858364673746e-07
1.079848695670948696e-07
1.077600725635060885e-07
1.075118467554209216e-07
1.072455675908152453e-07
1.069555872256925697e-07
1.066433189251895901e-07
1.063089493715910936e-07
1.059471577157848772e-07
1.055578971441646849e-07
1.051405903915643493e-07
1.046902526766224987e-07
1.042051565917058064e-07
1.036917331915296447e-07
1.031468835650505600e-07
1.025659335592771163e-07
1.019493147556176669e-07
1.012982227764661257e-07
1.006868297153170297e-07
9.993493295116046044e-08
9.916230199244284662e-08
9.837703778973058268e-08
9.756373263456870180e-08
9.672758721172904233e-08
9.587061934639608880e-08
9.499467515435090663e-08
9.410670420304226298e-08
9.321152608813338335e-08
9.231468277682864734e-08
9.142581974224818824e-08
9.055106148743258482e-08
8.969835607011038072e-08
8.887529843045791106e-08
8.808993197595860579e-08
8.735034900915234327e-08
8.666685035110095642e-08
8.604301902262336431e-08
8.548526325646662295e-08
8.499782926085278881e-08
8.458344899404511812e-08
8.424389455329967820e-08
8.397761656733263204e-08
8.378265452527873937e-08
8.365341265850495994e-08
8.359432969239440665e-08
8.360353110171884142e-08
8.367689826288055568e-08
8.381267204556097461e-08
8.400504336277424606e-08
8.425572100476353193e-08
8.456780206395312135e-08
8.494023632554896129e-08
8.537276631062968397e-08
8.586431052749903895e-08
8.641491340603201816e-08
8.702553644837985411e-08
8.769866652729358986e-08
8.844021961019495507e-08
8.926009133990493070e-08
9.016755732154161947e-08
9.119042735508556699e-08
9.231171130889347071e-08
9.352846641280051268e-08
9.483861626884833994e-08
9.622727523220656208e-08
9.769846757192800719e-08
9.925095024900634897e-08
1.008855859920204083e-07
1.026014033089429321e-07
1.043934042042750682e-07
1.062632004686418107e-07
1.082083208843293246e-07
1.102263930894304202e-07
1.123427402358280928e-07
1.145019733432064574e-07
1.167338508835588378e-07
1.190340715577511963e-07
1.214061976047880842e-07
1.238412529977012269e-07
1.263425505034271143e-07
1.289050818990868586e-07
1.315365620677925677e-07
1.342350573766130356e-07
1.369980756999155808e-07
1.398230810091568465e-07
1.427084319970590902e-07
1.456557947114105693e-07
1.486655165931021118e-07
1.517342117716785918e-07
1.548597252165802961e-07
1.580363100029935594e-07
1.612778645470182511e-07
1.645789042465647827e-07
1.679364063963547404e-07
1.713557046170300187e-07
1.748299929360342545e-07
1.783635150141303980e-07
1.819563421392376992e-07
1.856168063259781397e-07
1.893293523848526957e-07
1.930962630222486689e-07
1.969278409260117851e-07
2.008126203142054003e-07
2.047641188159181160e-07
2.087874683051044232e-07
2.128738029016664671e-07
2.170284973901675217e-07
2.212433984090747793e-07
2.255157981000670969e-07
2.298553826797244305e-07
2.342621725738610883e-07
2.387367232033711316e-07
2.432808955759373619e-07
2.478890515821833505e-07
2.525653214957708310e-07
2.573135405312371966e-07
2.621276254061118451e-07
2.670187404233625256e-07
2.719791772497990257e-07
2.770078703539710117e-07
2.821212104203350009e-07
2.873045925507091841e-07
2.925602904215868403e-07
2.979061636349226127e-07
3.033144647665431396e-07
3.088041548388999947e-07
3.143864201070165597e-07
3.200221608991148094e-07
3.257589640718497557e-07
3.315817403547509184e-07
3.374528410157931178e-07
3.434605759351574620e-07
3.495359753180229166e-07
3.556434484214813587e-07
3.619291307332946134e-07
3.682401860132992712e-07
3.746412939882689185e-07
3.813273537421466778e-07
3.879916120293745134e-07
3.946939168205850450e-07
4.014298921522992708e-07
4.082387414502497802e-07
4.152442417546756873e-07
4.223359848418637159e-07
4.295053356102072513e-07
4.367866975577098040e-07
4.442364765582592335e-07
4.517258247370691991e-07
4.592877171881320085e-07
4.669113112091953610e-07
4.746756645013827371e-07
4.825615298602979487e-07
4.905314036484176902e-07
4.986618745078580472e-07
5.068840877576709175e-07
5.151696826430959856e-07
5.235993096323897012e-07
5.321326618744766615e-07
5.407540771963771119e-07
5.494991386613364719e-07
5.583571887146784859e-07
5.673202194975867793e-07
5.764002344404110767e-07
5.855852115902759627e-07
5.948789419484201047e-07
6.042739578305600139e-07
6.137820197795323087e-07
6.234035037652672012e-07
6.331330368753089259e-07
6.429987506817051845e-07
6.529900659833970960e-07
6.631331936736472864e-07
6.733942497155570006e-07
6.837987552536996609e-07
6.943453054824076927e-07
7.050425740130698099e-07
7.158930615375457693e-07
7.269005731220655390e-07
7.380594626605201966e-07
7.493730732790937791e-07
7.608207713930726772e-07
7.724503917905716903e-07
7.842419226177324172e-07
7.961908258257139347e-07
8.083306675937411085e-07
8.206276656748955339e-07
8.331070501230711008e-07
8.457732516585274289e-07
8.586591462526398186e-07
8.717651472735199106e-07
8.850962050114516762e-07
8.986655700913662779e-07
9.124700612924130056e-07
9.265428792577857408e-07
9.408399140474223093e-07
9.553865517040542255e-07
9.701851065918327356e-07
9.852458674165400463e-07
1.000555757542902718e-06
1.016106633100785194e-06
1.031917664068671649e-06
1.047974741129736780e-06
1.064288329964832820e-06
1.080865424929444423e-06
1.097716525161981081e-06
1.114855546503280939e-06
1.132296447774709962e-06
1.150053590009344260e-06
1.168140681654109082e-06
1.186571151065403712e-06
1.205358255698551683e-06
1.224514703256175544e-06
1.244052872677960951e-06
1.263984888195638898e-06
1.284322678607411167e-06
1.305078204200352654e-06
1.326263305000923362e-06
1.347889511647842146e-06
1.369967804130715930e-06
1.392508234087448971e-06
1.415519527168674585e-06
1.439008865438962733e-06
1.462982087876449490e-06
1.487444435043477226e-06
1.512401641336858055e-06
1.537860558110971262e-06
1.563829336517546522e-06
1.590317516455553858e-06
1.617335933322186100e-06
1.644896532710279516e-06
1.673012046424638773e-06
1.701695625023086581e-06
1.730960355174686252e-06
1.760819103644547063e-06
1.791284790958528101e-06
1.822370988156964856e-06
1.854092073711630181e-06
1.886463183476682003e-06
1.919499774004309945e-06
1.953217140408887068e-06
1.987630248363226221e-06
2.022753828208647661e-06
2.058602470382021955e-06
2.095190687395759694e-06
2.132532922994287200e-06
2.170643494673964670e-06
2.209536543686957568e-06
2.249226119022654725e-06
2.289726040312553766e-06
2.331049770235704829e-06
2.373210292796406695e-06
2.416220124196415498e-06
2.460091384641943870e-06
2.504836097591910969e-06
2.550466548780024772e-06
2.596995787496867771e-06
2.644437935355528217e-06
2.692808613022871247e-06
2.742124696940003053e-06
2.792404580167503553e-06
2.843674776093085916e-06
2.895954257114379807e-06
2.949259657981000902e-06
3.003608288153245966e-06
3.059012124009637325e-06
3.115487339238388095e-06
3.173049605070993852e-06
3.231715131487123410e-06
3.291500486995751626e-06
3.352422677967082789e-06
3.414499217906163154e-06
3.477748389105711249e-06
3.542189225213935883e-06
3.607841566231791209e-06
3.674726647343398953e-06
3.742864794306377500e-06
3.812271859582915789e-06
3.882968906846527689e-06
3.954995921291898736e-06
4.028347130051572139e-06
4.103039155897011476e-06
4.179093808448206556e-06
4.256531206217114602e-06
4.335369843624757958e-06
4.415628227781163988e-06
4.497325750522403057e-06
4.580481793375568417e-06
4.665115712657384656e-06
4.751247506884606155e-06
4.838897756242021313e-06
4.928088319392969040e-06
5.018842305235044613e-06
5.111183906088298248e-06
5.205138406491919595e-06
5.300731990675742687e-06
5.397991437861594280e-06
5.496944490409205080e-06
5.597619664736922646e-06
5.700046170035062969e-06
5.804254110392535645e-06
5.910274292365652584e-06
6.018137915847921090e-06
6.127876796987455256e-06
6.239523301611727903e-06
6.353110185832991040e-06
6.468671120280903925e-06
6.586240547568867704e-06
6.705853542345092090e-06
6.827546082036506634e-06
6.951354878391889175e-06
7.077316979982364097e-06
7.205471264513277223e-06
7.335859170305306513e-06
7.468516206324712904e-06
7.603495722291893130e-06
7.740833166705707083e-06
7.880563150747121954e-06
8.022727745209511509e-06
8.167367897008609930e-06
8.314525175881988436e-06
8.464241605900043062e-06
8.616559950974355124e-06
8.771523875649316928e-06
8.929177850176624903e-06
9.089567078616649705e-06
9.252737386572067665e-06
9.418735040004530117e-06
9.587606085203851457e-06
9.759395283640052865e-06
9.934144611605252937e-06
1.011189367801364978e-05
1.029268246528454035e-05
1.047655526359586970e-05
1.066356527141117920e-05
1.085377366771764489e-05
1.104724615633601968e-05
1.124404775380286457e-05
1.144424023942173560e-05
1.164788325226626197e-05
1.185503575169976842e-05
1.206575724558024676e-05
1.228010854786295986e-05
1.249815200152457840e-05
1.271995154582572506e-05
1.294557263354326695e-05
1.317508243770165414e-05
1.340854952977153862e-05
1.364604336280594660e-05
1.388763484730389310e-05
1.413339626503568928e-05
1.438340143903125047e-05
1.463772560967266580e-05
1.489644536557266747e-05
1.515963851109093590e-05
1.542738429116112829e-05
1.569976317991995609e-05
1.597685730983471657e-05
1.625875048135121324e-05
1.654552806586169326e-05
1.683727705561309941e-05
1.713408565004806089e-05
1.743604325764028164e-05
1.774324054757629965e-05
1.805577011353395379e-05
1.837372673441114613e-05
1.869720794078512236e-05
1.902631341537700199e-05
1.936114311276204475e-05
1.970179774156669992e-05
2.004838016743568403e-05
2.040099516649838618e-05
2.075974965252315525e-05
2.112475105249506753e-05
2.149610974526218295e-05
2.187393788513121388e-05
2.225834990314855207e-05
2.264946182066990114e-05
2.304739176047611166e-05
2.345225998582779674e-05
2.386418921571247889e-05
2.428330410499052259e-05
2.470973194569291877e-05
2.514360228574443338e-05
2.558504676637351894e-05
2.603419952126293001e-05
2.649119682804957734e-05
2.695617751779448134e-05
2.742928291817717831e-05
2.791065715516865609e-05
2.840044695797811468e-05
2.889880133420114338e-05
2.940587190084109449e-05
2.992181298308081261e-05
3.044678195149947488e-05
3.098093862077098298e-05
3.152444558511608477e-05
3.207746836563043672e-05
3.264017480333825311e-05
3.321273595756495697e-05
3.379532587436865867e-05
3.438812080991872653e-05
3.499130016401486379e-05
3.560504542613880484e-05
3.622954135290295684e-05
3.686497577294235045e-05
3.751153981117674995e-05
3.816942745886940083e-05
3.883883652978951321e-05
3.951996768043711548e-05
4.021302463000414791e-05
4.091821522343232106e-05
4.163575080344207233e-05
4.236584647726984108e-05
4.310872093563831694e-05
4.386459688376951411e-05
4.463370045264323220e-05
4.541626173337338484e-05
4.621251463928845068e-05
4.702269764993004540e-05
4.784705291447954493e-05
4.868582579428698152e-05
4.953926514946582055e-05
5.040762459277235962e-05
5.129116253654645137e-05
5.219014301017247732e-05
5.310483458884870570e-05
5.403551011726329063e-05
5.498244655241586363e-05
5.594592557508533274e-05
5.692623088882686674e-05
5.792364884889970639e-05
5.893846803174334308e-05
5.997097453195647873e-05
6.102145376109281152e-05
6.209018888567735951e-05
6.317746355441495470e-05
6.428356433681549961e-05
6.540878595429637694e-05
6.655343746403325790e-05
6.771784612029384026e-05
6.890235955920018848e-05
7.010734436814520393e-05
7.133318066324273747e-05
7.258025032791502620e-05
7.384893269070461888e-05
7.513960395224943134e-05
7.645263902875870708e-05
7.778841471258046030e-05
7.914731393670114510e-05
8.052972379635066856e-05
8.193603692957849129e-05
8.336665168460564014e-05
8.482197066483002773e-05
8.630240304790513805e-05
8.780836391011539045e-05
8.934027456566491737e-05
9.089856542488284111e-05
9.248367191172465241e-05
9.409603859499399657e-05
9.573611505595569526e-05
9.740435886576782236e-05
9.910123514502245724e-05
1.008272160929172303e-04
1.025827787481939157e-04
1.043684079215367194e-04
1.061845994871751911e-04
1.080318584045725173e-04
1.099106995362456848e-04
1.118216463029475332e-04
1.137652285528579062e-04
1.157419844291376557e-04
1.177524590139917941e-04
1.197972049019594050e-04
1.218767827546956385e-04
1.239917613283771309e-04
1.261427199731770643e-04
1.283302456919889294e-04
1.305549351946537972e-04
1.328173952358736236e-04
1.351182397868510904e-04
1.374580925206173043e-04
1.398375883214050168e-04
1.422573736638945753e-04
1.447181053773843418e-04
1.472204516614877953e-04
1.497650914318272516e-04
1.523527153448434946e-04
1.549840268180088516e-04
1.576597391154384656e-04
1.603805786652191009e-04
1.631472851130516728e-04
1.659606151073427091e-04
1.688213378974443880e-04
1.717302378696066725e-04
1.746881076301532625e-04
1.776957534496875269e-04
1.807539906134274373e-04
1.838636509267998858e-04
1.870255817783193731e-04
1.902406534116900922e-04
1.935097551833186503e-04
1.968338020720708872e-04
2.002137262714496937e-04
2.036504697832214827e-04
2.071449793389217064e-04
2.106982056066328420e-04
2.143111098757265068e-04
2.179846721022574531e-04
2.217198917976888329e-04
2.255177887064580564e-04
2.293793996501236100e-04
2.333057801482704512e-04
2.372980000200990657e-04
2.413571393598858139e-04
2.454842942532418589e-04
2.496805790364200030e-04
2.539471277004752212e-04
2.582850986728264450e-04
2.626956691922939361e-04
2.671800434936385409e-04
2.717394461575465170e-04
2.763751221575905573e-04
2.810883420396343303e-04
2.858803856194407512e-04
2.907525584506878442e-04
2.957061754736045774e-04
3.007425737957100578e-04
3.058631161142766905e-04
3.110691900224923966e-04
3.163622050154647194e-04
3.217435971532484930e-04
3.272148172122258834e-04
3.327773434158880412e-04
3.384326774307792256e-04
3.441823555172418992e-04
3.500279399732636010e-04
3.559710177111910317e-04
3.620131999509020320e-04
3.681561191346101802e-04
3.744014313731727599e-04
3.807508153697427102e-04
3.872059834233739883e-04
3.937686781297172712e-04
4.004406655224574643e-04
4.072237457349190889e-04
4.141197410369101221e-04
4.211305061834382923e-04
4.282579328736916820e-04
4.355039504001509475e-04
4.428705209956971525e-04
4.503596431215832257e-04
4.579733390444657619e-04
4.657136579110297782e-04
4.735826817681666680e-04
4.815825273545577931e-04
4.897153458371330701e-04
4.979833286012467098e-04
5.063887067186533019e-04
5.149337391683762172e-04
5.236207174542507718e-04
5.324519642926203375e-04
5.414298423139340521e-04
5.505567489462659045e-04
5.598351307383967346e-04
5.692674683919036419e-04
5.788562857984218095e-04
5.886041611266451794e-04
5.985137129900749194e-04
6.085875970318901321e-04
6.188284987440569908e-04
6.292391409482575929e-04
6.398222778099881903e-04
6.505807206246509841e-04
6.615173227134022544e-04
6.726350066519310540e-04
6.839367373829357503e-04
6.954255308504725787e-04
7.071044407761024235e-04
7.189765571228700497e-04
7.310450236191592998e-04
7.433130253741860455e-04
7.557837751178289685e-04
7.684605278225745996e-04
7.813465958697964672e-04
7.944453501079259006e-04
8.077602283460785142e-04
8.212947252436984032e-04
8.350523925698099658e-04
8.490368490570744924e-04
8.632517621689670372e-04
8.777008406420240116e-04
8.923878370714491762e-04
9.073165501420167112e-04
9.224908603207924562e-04
9.379147103140141831e-04
9.535921180491741282e-04
9.695271426605878541e-04
9.857238905975891467e-04
1.002186500083362053e-03
1.018919188604863789e-03
1.035926255706615768e-03
1.053212077019113294e-03
1.070781090293985863e-03
1.088637787644441144e-03
1.106786716205601564e-03
1.125232482255944045e-03
1.143979761396908676e-03
1.163033295439371050e-03
1.182397900784722599e-03
1.202078452792905905e-03
1.222079891581125165e-03
1.242407221712802908e-03
1.263065504626748655e-03
1.284059876411289833e-03
1.305395544821597986e-03
1.327077788907045667e-03
1.349111970503141670e-03
1.371503519089382200e-03
1.394257942666860027e-03
1.417380823271150456e-03
1.440877808961461967e-03
1.464754616055258859e-03
1.489017021010649632e-03
1.513670867447228794e-03
1.538722066918740911e-03
1.564176599877052784e-03
1.590040532271462395e-03
1.616320016500607821e-03
1.643021315738398252e-03
1.670150752561319054e-03
1.697714715026468063e-03
1.725719665457903966e-03
1.754172114324086462e-03
1.783078642930760504e-03
1.812445918276824790e-03
1.842280694344945215e-03
1.872589836536898370e-03
1.903380287396099629e-03
1.934659074125829204e-03
1.966433268570971088e-03
1.998710007488726983e-03
2.031496479077565635e-03
2.064799925602421073e-03
2.098627660875212238e-03
2.132987096663898491e-03
2.167885744375531304e-03
2.203331202888797989e-03
2.239331183450396154e-03
2.275893453779453870e-03
2.313025846788562250e-03
2.350736240728409834e-03
2.389032561970356669e-03
2.427922784175560750e-03
2.467414932109476648e-03
2.507517096997118576e-03
2.548237405520467104e-03
2.589584036119784057e-03
2.631565239285085008e-03
2.674189295440043950e-03
2.717464564237467677e-03
2.761399424201217007e-03
2.806002277168707405e-03
2.851281564866024396e-03
2.897245757998065906e-03
2.943903420524929433e-03
2.991263229840914178e-03
3.039333986982329597e-03
3.088124533496853716e-03
3.137643678975475525e-03
3.187900201034952162e-03
3.238902903746143126e-03
3.290660641097691366e-03
3.343182291859880546e-03
3.396476706444805701e-03
3.450552710855777847e-03
3.505419222616399776e-03
3.561085231497466454e-03
3.617559626501472454e-03
3.674851256094421523e-03
3.732968959323016561e-03
3.791921527586135550e-03
3.851717707240626901e-03
3.912366195035680769e-03
3.973875598565129730e-03
4.036254511628291353e-03
4.099511546986340030e-03
4.163655341409668378e-03
4.228694444476485854e-03
4.294637313969023977e-03
4.361492379608881455e-03
4.429268068366172192e-03
4.497972652256846879e-03
4.567614249130194128e-03
4.638200882901739007e-03
4.709740487400162351e-03
4.782240921207076001e-03
4.855709916354387923e-03
4.930155019212785310e-03
5.005583498411288884e-03
5.082002488897291101e-03
5.159418894942499265e-03
5.237839394638896424e-03
5.317270687040413085e-03
5.397719376458094340e-03
5.479191743721834561e-03
5.561693849534219379e-03
5.645231445343163075e-03
5.729809999548063880e-03
5.815434797224829089e-03
5.902110986501386131e-03
5.989843469871910381e-03
6.078636799356038935e-03
6.168495192041962595e-03
6.259422467238383997e-03
6.351422162828302721e-03
6.444497569734538613e-03
6.538651518894645492e-03
6.633886430928812895e-03
6.730204350959792525e-03
6.827606918995123876e-03
6.926095421111781898e-03
7.025670894057977310e-03
7.126334244713685741e-03
7.228086173653466492e-03
7.330926785691243598e-03
7.434855495618066315e-03
7.539870977650032710e-03
7.645971455089216849e-03
7.753154375871137115e-03
7.861416397616071555e-03
7.970753755395427326e-03
8.081162430147812575e-03
8.192638286035043224e-03
8.305176682146604011e-03
8.418772707861892080e-03
8.533421040335107885e-03
8.649115777240137456e-03
8.765850298046589523e-03
8.883616898853261348e-03
9.002407184948241214e-03
9.122211879978947210e-03
9.243020949445264825e-03
9.364823745217380410e-03
9.487609208397826052e-03
9.611365718095161645e-03
9.736081239651210931e-03
9.861743315439491439e-03
9.988338975385261526e-03
1.011585438663021620e-02
1.024427487039364718e-02
1.037358522181019808e-02
1.050376971137479722e-02
1.063481169190519209e-02
1.076669382673737380e-02
1.089939844927407912e-02
1.103290684698202129e-02
1.116719970325146492e-02
1.130225717150708589e-02
1.143805872143523542e-02
1.157458310144627439e-02
1.171180854914566534e-02
1.184971251769491481e-02
1.198827211686120942e-02
1.212746362899718225e-02
1.226726267510448547e-02
1.240764396956277153e-02
1.254858183793262916e-02
1.269005007172181385e-02
1.283202179748406911e-02
1.297446997642946916e-02
1.311736721670786303e-02
1.326068520663882359e-02
1.340439561946676211e-02
1.354846977380607179e-02
1.369287848155061570e-02
1.383759245492500144e-02
1.398258139886088616e-02
1.412781480574692994e-02
1.427326188191876608e-02
1.441889142489721255e-02
1.456467202616630249e-02
1.471057181251970818e-02
1.485655897771114529e-02
1.500260149439344368e-02
1.514866668584832765e-02
1.529472223506638667e-02
1.544073593255576582e-02
1.558667558744176139e-02
1.573250875604574953e-02
1.587820309938114613e-02
1.602372612561477408e-02
1.616904534650417946e-02
1.631412836940612787e-02
1.645894304262490726e-02
1.660345740802529960e-02
1.674763977008459151e-02
1.689145848551140000e-02
1.703488226074000370e-02
1.717787986456183885e-02
1.732042046349529379e-02
1.746247354367101365e-02
1.760400854948845559e-02
1.774499585189918960e-02
1.788540592309159974e-02
1.802520935482245651e-02
1.816437714150976115e-02
1.830288059160117831e-02
1.844069190260057278e-02
1.857778357669925828e-02
1.871412841100781460e-02
1.884969954593330652e-02
1.898447039322979923e-02
1.911841492079790344e-02
1.925150752781334268e-02
1.938372317012746968e-02
1.951503752839138864e-02
1.964542664908196234e-02
1.977486666909535756e-02
1.990333438005349037e-02
2.003080728576191183e-02
2.015726346259488419e-02
2.028268112990604805e-02
2.040703861458421919e-02
2.053031495827743400e-02
2.065248968402539492e-02
2.077354284032235585e-02
2.089345486987577785e-02
2.101220672150249519e-02
2.112977959004874381e-02
2.124615561863539906e-02
2.136131738141242714e-02
2.147524742307859585e-02
2.158792927654259314e-02
2.169934671059561490e-02
2.180948367401982710e-02
2.191832488962417932e-02
2.202585529271853734e-02
2.213206110555510087e-02
2.223692928005574151e-02
2.234044655849151337e-02
2.244260019152477872e-02
2.254337760514137784e-02
2.264276734130813221e-02
2.274075902707257957e-02
2.283734192520684922e-02
2.293250591653822265e-02
2.302624203740647954e-02
2.311854232606147530e-02
2.320939886273053546e-02
2.329880376976116788e-02
2.338675045169216760e-02
2.347323337630466758e-02
2.355824740831040029e-02
2.364178785393339366e-02
2.372385110212081594e-02
2.380443443594310732e-02
2.388353510553875569e-02
2.396115140747669819e-02
2.403728272353122461e-02
2.411192887832010537e-02
2.418509069219129323e-02
2.425676961738098755e-02
2.432696824994143303e-02
2.439568964538256501e-02
2.446293760908940448e-02
2.452871635155262284e-02
2.459303112698303997e-02
2.465588814813414117e-02
2.471729391939777101e-02
2.477725600143557833e-02
2.483578288038732623e-02
2.489288391669577244e-02
2.494856875185797948e-02
2.500284841881895287e-02
2.505573453649476492e-02
2.510723887295387285e-02
2.515737347738904867e-02
2.520615178800461598e-02
2.525358850657883833e-02
2.529969849192093348e-02
2.534449665477457245e-02
2.538799939650764059e-02
2.543022378621636118e-02
2.547118709949619531e-02
2.551090653961315263e-02
2.554940016919423143e-02
2.558668651747993822e-02
2.562278478821961025e-02
2.565771485200673413e-02
2.569149683674116016e-02
2.572415093381263951e-02
2.575569766977872307e-02
2.578615854778077560e-02
2.581555492632087515e-02
2.584390826381810849e-02
2.587124012421531880e-02
2.589757300370882503e-02
2.592292905183771201e-02
2.594733006664037486e-02
2.597079836631729227e-02
2.599335703833602004e-02
2.601502917370782444e-02
2.603583697714104486e-02
2.605580225736277636e-02
2.607494783123866233e-02
2.609329664600251036e-02
2.611087140305726195e-02
2.612769396257882265e-02
2.614378666856692970e-02
2.615917208712714367e-02
2.617387202412728431e-02
2.618790751395851102e-02
2.620129960988742263e-02
2.621406987926465371e-02
2.622623953061287497e-02
2.623782885459457342e-02
2.624885797812129273e-02
2.625934675417592595e-02
2.626931522401832614e-02
2.627878285835952635e-02
2.628776831912069123e-02
2.629628999506685577e-02
2.630436608466114531e-02
2.631201474819904601e-02
2.631925323339631348e-02
2.632609842227533886e-02
2.633256669160989605e-02
2.633867414741117643e-02
2.634443648615968081e-02
2.634986899607793739e-02
2.635498638177838360e-02
2.635980284137801749e-02
2.636433228095165504e-02
2.636858777104435225e-02
2.637258221107170036e-02
2.637632812792855760e-02
2.637984703317575869e-02
2.638314084619806585e-02
2.638621114973905071e-02
2.638907792202789537e-02
2.639175109538569389e-02
2.639425551514257978e-02
2.639657039147622758e-02
2.639871855848776802e-02
2.640070760712211542e-02
2.640254508705563649e-02
2.640423894840138869e-02
2.640579555779283549e-02
2.640722658930045458e-02
2.640853070126582269e-02
2.640970687932860106e-02
2.641076694775904010e-02
2.641171557996039795e-02
2.641255637036072149e-02
2.641329188350115265e-02
2.641392486566211673e-02
2.641445824219585542e-02
2.641489441347009276e-02
2.641523517403204444e-02
2.641548189442642983e-02
2.641563542834736780e-02
2.641569649460822136e-02
2.641566540312532962e-02
2.641554222802232690e-02
2.641532697810907923e-02
2.641501945568517501e-02
2.641461935240098716e-02
2.641412681329071907e-02
2.641354239436254775e-02
2.641288865271594968e-02
2.641212729801559536e-02
2.641129199871323704e-02
2.641040326250592568e-02
2.640943985011557846e-02
2.640837373481762576e-02
2.640717782167441643e-02
