1.107295564641696118e-07
1.107318353255622473e-07
1.107301657034507935e-07
1.107297090720778082e-07
1.107283945285157205e-07
1.107516378726959724e-07
1.110752346304979563e-07
1.112569354334706633e-07
1.114701541673300164e-07
1.113117021454626774e-07
1.110124574307250865e-07
1.111011226651380374e-07
1.109156452389631034e-07
1.108847903245572794e-07
1.108464293527140284e-07
1.108195273094175362e-07
1.108134061869177828e-07
1.107948295755349149e-07
1.107948245351633609e-07
1.107717485065025877e-07
1.107579292836311252e-07
1.107538100933771364e-07
1.107424958943071222e-07
1.107318290230765427e-07
1.107234524540476472e-07
1.107135388065123200e-07
1.107035537549006471e-07
1.106934759137649291e-07
1.106856344647066255e-07
1.106791127681946449e-07
1.106722537746219448e-07
1.106668752556630026e-07
1.106625653687019541e-07
1.106581966548353418e-07
1.106531999145541775e-07
1.106494247558341438e-07
1.106457843585435484e-07
1.106438743327223247e-07
1.106432235523064388e-07
1.106414488854605707e-07
1.106426517573679699e-07
1.106451314332188336e-07
1.106485398434995053e-07
1.106900007134468854e-07
1.106787455572202896e-07
1.106770946757239376e-07
1.106905829075134960e-07
1.106917617827235749e-07
1.107049281938676846e-07
1.107213265217189397e-07
1.107369831291408257e-07
1.107548672397177575e-07
1.107775169265910386e-07
1.108008940824568177e-07
1.108277284392572020e-07
1.108570041114910418e-07
1.108883506829663769e-07
1.109227337390008077e-07
1.109586375533443514e-07
1.109964977383751502e-07
1.110377026466524763e-07
1.110830548780103055e-07
1.111308571383855447e-07
1.111817207948027378e-07
1.112366942621257214e-07
1.112926542561913799e-07
1.113514135780818993e-07
1.114135853808271093e-07
1.114813445122652453e-07
1.115484359785845262e-07
1.116208967845192132e-07
1.116953150695373549e-07
1.117709742363845423e-07
1.118489650885830530e-07
1.119305522645561175e-07
1.120155471653619275e-07
1.121039284765669141e-07
1.121951380942666714e-07
1.122891491653447670e-07
1.123836874724589358e-07
1.124790399624451370e-07
1.125745446945169896e-07
1.126701958925100883e-07
1.127669322025745581e-07
1.128659085925450714e-07
1.129680973660802057e-07
1.130735669482447135e-07
1.131802437766561359e-07
1.132866271071948492e-07
1.133909289369074075e-07
1.134932658147867646e-07
1.135945402192748648e-07
1.136950679599596625e-07
1.137940813119021306e-07
1.138923023112296919e-07
1.139877081526992890e-07
1.140812067835992789e-07
1.141716834582928007e-07
1.142598990321703077e-07
1.143448775043741193e-07
1.144272314044789718e-07
1.145057009505717435e-07
1.145806296806060771e-07
1.146514659575832321e-07
1.147175680722232998e-07
1.147783750172774415e-07
1.148340668979630621e-07
1.148846485594350130e-07
1.149303410999134690e-07
1.149709006820207371e-07
1.150058965557277661e-07
1.150344284337929557e-07
1.150559182261603662e-07
1.150700539376215769e-07
1.150764586412190269e-07
1.150751332472532145e-07
1.150669555899523758e-07
1.150511372417111711e-07
1.150281662424431131e-07
1.149976605228188503e-07
1.149607876310288398e-07
1.149151995600900288e-07
1.148617651493746119e-07
1.148006784719571166e-07
1.147288405263588695e-07
1.146498484712991660e-07
1.145618126508925653e-07
1.144651106246024013e-07
1.143595913421062163e-07
1.142456096232118104e-07
1.141225052820250063e-07
1.139908973119177934e-07
1.138508222753716761e-07
1.137010971641845665e-07
1.135424678085514449e-07
1.133751488238719715e-07
1.132000500089545715e-07
1.130168774915742236e-07
1.128255986157965838e-07
1.126257157531632909e-07
1.124187420672699533e-07
1.122025606675453101e-07
1.119781032470607188e-07
1.117454673591035213e-07
1.115051356331420055e-07
1.112573975799943748e-07
1.110013661480147790e-07
1.107398220056617143e-07
1.104695334690032109e-07
1.101918098002479628e-07
1.099069638926437830e-07
1.096145590475892169e-07
1.093159950278496816e-07
1.090137357600365532e-07
1.087075119200505980e-07
1.084054936634337370e-07
1.080985021016139377e-07
1.077807559285519693e-07
1.074557352014138844e-07
1.071250286008453064e-07
1.067867244347783126e-07
1.064437163618791687e-07
1.060987021216942760e-07
1.057396651242023287e-07
1.053799737478775525e-07
1.050199301995135228e-07
1.046537449826676082e-07
1.042822989916510408e-07
1.039108134799120263e-07
1.035342515198238052e-07
1.031565284788027346e-07
1.027761561721219687e-07
1.023932454297418724e-07
1.020078289608090538e-07
1.016210965337953307e-07
1.012334970886345800e-07
1.008450643891005932e-07
1.004593902670888493e-07
1.000666300057314086e-07
9.968085522421052885e-08
9.929654380652717223e-08
9.891300965310304661e-08
9.853082007869844607e-08
9.815012213922464289e-08
9.777154829036411039e-08
9.739419000952253579e-08
9.701797437861442388e-08
9.664495761873066710e-08
9.627480000364071563e-08
9.590760862559396596e-08
9.554423219016438214e-08
9.518458093511684324e-08
9.482961277269446866e-08
9.448044583542767859e-08
9.413662477807348410e-08
9.379830977413640487e-08
9.346800520301618697e-08
9.314129392490714882e-08
9.282190591713131124e-08
9.251010050895356820e-08
9.220527164941447080e-08
9.190736405675503294e-08
9.161711889496460645e-08
9.133354973138267610e-08
9.105596658922575166e-08
9.078425933605165364e-08
9.051994068728541859e-08
9.026233341935089278e-08
9.001232868313041522e-08
8.977017034582993077e-08
8.953562359086511458e-08
8.930858068890487379e-08
8.908837840199698432e-08
8.887481381341503348e-08
8.866747948430749849e-08
8.846633660692594120e-08
8.827060616346069302e-08
8.808090731558163258e-08
8.789757647837335263e-08
8.771780815916295354e-08
8.754963622923947771e-08
8.738866902469294891e-08
8.723687950857818245e-08
8.709169289441056157e-08
8.695779662334047084e-08
8.683073071353170566e-08
8.671331335850600753e-08
8.660494169856164860e-08
8.650467430255077332e-08
8.641161967525907354e-08
8.632541839841386607e-08
8.624597509549034415e-08
8.617296465900256685e-08
8.610598914396442298e-08
8.604506384876648368e-08
8.599031247864358600e-08
8.594193779903108654e-08
8.590010911275433255e-08
8.586495331530846113e-08
8.583648578246383832e-08
8.581465135955264403e-08
8.579927332159488890e-08
8.579009172943411073e-08
8.578682315177774831e-08
8.578929849223829198e-08
8.579752978418917454e-08
8.581139505470767771e-08
8.583060784073486012e-08
8.585492707823521554e-08
8.588409903280068096e-08
8.591782436256093768e-08
8.595593904759341410e-08
8.599829717588544412e-08
8.604483967197157794e-08
8.609552254422744861e-08
8.615030942699743136e-08
8.620924259081565068e-08
8.627226136358411516e-08
8.633923464059913793e-08
8.641003496536028198e-08
8.648446418021534964e-08
8.656232739225085915e-08
8.664347474786946594e-08
8.672785448717575811e-08
8.681541763958658865e-08
8.690607482334363392e-08
8.699965375261152117e-08
8.709598818296815337e-08
8.719489144012354313e-08
8.729623696832893757e-08
8.739990863551482995e-08
8.750577926049804311e-08
8.761372513894414925e-08
8.772366448483982994e-08
8.783552170673407860e-08
8.794922642992847483e-08
8.806470777358301199e-08
8.818205008034262137e-08
8.830127627258332832e-08
8.842239619752428796e-08
8.854539685568799305e-08
8.867043555630466634e-08
8.879751268740622874e-08
8.892658064354635570e-08
8.905766706834901968e-08
8.919070266379769661e-08
8.932556395545233561e-08
8.946227845492139797e-08
8.960074451270392824e-08
8.974088877782524686e-08
8.988273282108984233e-08
9.002628311901016311e-08
9.017149819403604489e-08
9.031836144772339257e-08
9.046690580775687474e-08
9.061729303106550326e-08
9.076952839788678520e-08
9.092341694172082802e-08
9.107881688900934454e-08
9.123566196398373752e-08
9.139397943061496137e-08
9.155386635236564394e-08
9.171544815555125620e-08
9.187873310709911978e-08
9.204393392713409561e-08
9.221086710449367518e-08
9.237944236090527866e-08
9.254965201703621466e-08
9.272162010526016167e-08
9.289573034373970792e-08
9.307194417925106765e-08
9.325022630726180095e-08
9.343053075765078849e-08
9.361254269221579769e-08
9.379611110556324849e-08
9.398098617930570645e-08
9.416714768270323767e-08
9.435489218419985328e-08
9.454453058299391089e-08
9.473633417278989317e-08
9.493059949526500102e-08
9.512716204849543618e-08
9.532567728585168520e-08
9.552580371308909079e-08
9.572735382656324881e-08
9.593035135234655727e-08
9.613518773229405973e-08
9.634220501400024284e-08
9.655152673326950494e-08
9.676331605751124661e-08
9.697747725290028667e-08
9.719371995003821828e-08
9.741194773147239315e-08
9.763185754206978019e-08
9.785342580089089623e-08
9.807658414399757148e-08
9.830139442162949708e-08
9.852798920817872226e-08
9.875659552459867448e-08
9.898730387166109082e-08
9.922025300422751727e-08
9.945527566335467768e-08
9.969213488165347341e-08
9.993080833237328166e-08
1.001712022118892711e-07
1.004135711937603292e-07
1.006578333763458475e-07
1.009039998877093995e-07
1.011520834199851814e-07
1.014020519155980641e-07
1.016538671107096138e-07
1.019076144501501453e-07
1.021630896205266144e-07
1.024209757481759600e-07
1.026815489720055059e-07
1.029458000625180625e-07
1.032138505795447853e-07
1.034851862916290791e-07
1.037585446855115825e-07
1.040321309540536641e-07
1.043051665832613552e-07
1.045776011531163529e-07
1.048503505868837992e-07
1.051241010362226539e-07
1.053995610124392610e-07
1.056770396059793048e-07
1.059562911290579991e-07
1.062374963729873316e-07
1.065207920089110823e-07
1.068059089277603032e-07
1.070929555678937163e-07
1.073816536531442206e-07
1.076721809967838103e-07
1.079645583327175715e-07
1.082591058136645480e-07
1.085556083947712097e-07
1.088539379490792677e-07
1.091543438028424966e-07
1.094569185789110130e-07
1.097615722340458538e-07
1.100680991159436749e-07
1.103768447251050952e-07
1.106878573463621771e-07
1.110012522507971285e-07
1.113169496561287580e-07
1.116349663950318433e-07
1.119553022530514992e-07
1.122779630011503694e-07
1.126030427968825081e-07
1.129308128223573292e-07
1.132611832756987022e-07
1.135940255956108998e-07
1.139291106738455362e-07
1.142666659106927697e-07
1.146067275489502649e-07
1.149494873218392463e-07
1.152952314760184000e-07
1.156441679626245657e-07
1.159961021679396223e-07
1.163507324098128980e-07
1.167081979307581987e-07
1.170685722428756963e-07
1.174318967013718236e-07
1.177983875395261934e-07
1.181684508160665420e-07
1.185424485022875872e-07
1.189207145726010004e-07
1.193033250585895145e-07
1.196902666093667987e-07
1.200815724115138964e-07
1.204771540967543007e-07
1.208773585120579718e-07
1.212821387481342386e-07
1.216916282965349083e-07
1.221059559059634552e-07
1.225254394408390101e-07
1.229497907199593490e-07
1.233790687217600213e-07
1.238135813490121586e-07
1.242538003979572656e-07
1.246997551466524353e-07
1.251515831805185805e-07
1.256096644736189455e-07
1.260740515365347241e-07
1.265445151524168954e-07
1.270215217910732593e-07
1.275054766987759322e-07
1.279966259565867006e-07
1.284949509327821332e-07
1.290004102812271232e-07
1.295133925587607377e-07
1.300342007529855250e-07
1.305635804173942143e-07
1.311015600281536516e-07
1.316481846250734636e-07
1.322037553343025913e-07
1.327681992155258612e-07
1.333424070412503171e-07
1.339269318684516245e-07
1.345223098120296294e-07
1.351286203851529120e-07
1.357462331475584349e-07
1.363756199545006204e-07
1.370172503621044365e-07
1.376727927123499486e-07
1.383442746542150016e-07
1.390328697920250126e-07
1.397403267642328535e-07
1.404697949227535704e-07
1.412242957247861142e-07
1.420062532083651013e-07
1.428190644374609095e-07
1.436668963382664508e-07
1.445532848897414158e-07
1.454823061118224610e-07
1.464534738682713354e-07
1.474645192794736831e-07
1.485158677513644919e-07
1.496106988813314472e-07
1.507515292483703204e-07
1.519411077060710094e-07
1.531810995240145394e-07
1.544725294723082663e-07
1.558119820253542439e-07
1.571961089778917504e-07
1.586188537929517947e-07
1.600734400558351560e-07
1.615595523280393317e-07
1.630771598029419370e-07
1.646287831082730105e-07
1.662127631609052851e-07
1.678294230801309706e-07
1.694814978049844685e-07
1.711686284547020723e-07
1.728887070519429486e-07
1.746429403783409292e-07
1.764322076626667081e-07
1.782590264142647529e-07
1.801230113716863600e-07
1.820304920046888377e-07
1.839831147244007649e-07
1.859807857327110979e-07
1.880285159118119459e-07
1.901284081149596470e-07
1.922834943088564234e-07
1.944965138424344101e-07
1.967695051208436880e-07
1.991091735271165492e-07
2.015202521392489159e-07
2.040051636281193087e-07
2.065622191252835520e-07
2.091953832566616515e-07
2.119075336277357672e-07
2.147034074407565928e-07
2.175866913148488886e-07
2.205640923355008617e-07
2.236387572291384267e-07
2.268056946433867991e-07
2.300587081219221161e-07
2.334206037963640174e-07
2.369074915633540158e-07
2.405260848040488636e-07
2.442771792680839145e-07
2.481665645083541898e-07
2.522082057875964932e-07
2.564121852858440690e-07
2.607721297832121038e-07
2.652822836560958129e-07
2.699327461497237582e-07
2.747315192283121493e-07
2.796779644634883818e-07
2.847731579202441676e-07
2.900405320249842353e-07
2.954912384583485316e-07
3.011378223388432444e-07
3.069868864939964487e-07
3.130495526658540592e-07
3.193426112630697404e-07
3.258726981031487462e-07
3.326367992866257070e-07
3.396406324584061368e-07
3.468735841676528734e-07
3.543869495063473847e-07
3.621763229080158553e-07
3.702426633736735450e-07
3.785931606661614811e-07
3.872122363367494319e-07
3.961333356751723596e-07
4.053721728814321468e-07
4.149362018673937848e-07
4.247808298454703953e-07
4.349134835934664909e-07
4.453466734636541381e-07
4.560786836978011792e-07
4.671365294546289415e-07
4.785298434301738321e-07
4.902928186249240571e-07
5.024465382341437203e-07
5.150017356828141034e-07
5.279091949848843382e-07
5.411999717410259297e-07
5.548980198464843739e-07
5.690625811006146833e-07
5.837463710523453530e-07
5.989539005681990835e-07
6.147000025136441931e-07
6.310034565377389878e-07
6.478815585139488764e-07
6.653810446017432917e-07
6.835027789906053674e-07
7.022305860182765527e-07
7.215585790171087860e-07
7.414664478756889823e-07
7.619427868139511757e-07
7.829531970825450644e-07
8.045509468536243774e-07
8.267773457907217203e-07
8.497188333726451736e-07
8.733566128471431925e-07
8.977621616749032171e-07
9.229588640557347242e-07
9.489799603920631545e-07
9.758560914042645919e-07
1.003635847959512493e-06
1.032366567870027152e-06
1.062090734684410687e-06
1.092814873027959497e-06
1.124534607465218508e-06
1.157248428396132777e-06
1.190955911451273275e-06
1.225721980839515612e-06
1.261531990499722877e-06
1.298440468184297828e-06
1.336434148999506947e-06
1.375604567381740550e-06
1.415961780823155227e-06
1.457585143099497176e-06
1.500486315879021449e-06
1.544746071978049621e-06
1.590383565422191336e-06
1.637442194214256291e-06
1.686051306462903518e-06
1.736251793531702849e-06
1.788122210120595651e-06
1.841739846041078977e-06
1.897122667738812812e-06
1.954338242861454627e-06
2.013422187964529313e-06
2.074345794609995944e-06
2.137079980870159544e-06
2.201698788153104884e-06
2.268239501236071660e-06
2.336788541324010064e-06
2.407421849682112222e-06
2.480234858543192927e-06
2.555358691164763045e-06
2.632844891333785526e-06
2.712841744258508008e-06
2.795416429485701970e-06
2.880636834224991004e-06
2.968584860387114781e-06
3.059332230514991693e-06
3.152941133382051189e-06
3.249509343176139745e-06
3.349183234046133235e-06
3.452043357098256445e-06
3.558204355264328384e-06
3.667761628733132842e-06
3.780835488616484406e-06
3.897576494957916580e-06
4.018028901065818720e-06
4.142291969480477016e-06
4.270471269783882288e-06
4.402704274336650118e-06
4.539107412628281264e-06
4.679844311591631315e-06
4.825067621535227354e-06
4.974911695403509739e-06
5.129540015840966253e-06
5.289094220147392730e-06
5.453713098319758171e-06
5.623535422050606393e-06
5.798675727029431641e-06
5.979260886676419619e-06
6.165448114484838400e-06
6.357427631298431168e-06
6.555419867157078998e-06
6.759589911886445366e-06
6.970111904872597633e-06
7.187227408676487825e-06
7.411130382586308966e-06
7.642009122829300003e-06
7.880082477713615957e-06
8.125600025793236356e-06
8.378820659920145248e-06
8.639996868137451785e-06
8.909403792598023872e-06
9.187319380176219808e-06
9.474022285639285940e-06
9.769779681422964551e-06
1.007488642767936689e-05
1.038959047254060499e-05
1.071417724953189498e-05
1.104888707672219080e-05
1.139398674938291288e-05
1.174974390607012517e-05
1.211645565467434519e-05
1.249441553570887541e-05
1.288396004957998722e-05
1.328545313091088496e-05
1.369926029151921290e-05
1.412586683607771624e-05
1.456578087068347322e-05
1.501950932238581385e-05
1.548754850333767543e-05
1.597030850704285378e-05
1.646817710635321602e-05
1.698149690772855238e-05
1.751052036615273854e-05
1.805557406262430956e-05
1.861696036191575390e-05
1.919505617595114704e-05
1.979033042723680628e-05
2.040330383624844906e-05
2.103456197172127944e-05
2.168468249370205395e-05
2.235428463386517984e-05
2.304405190421668814e-05
2.375460387691808169e-05
2.448648828137600411e-05
2.524032852219649587e-05
2.601687107237789017e-05
2.681683968767780351e-05
2.764094296214980001e-05
2.848996612841345449e-05
2.936466748139093146e-05
3.026573791148329303e-05
3.119378294643149468e-05
3.214947294509861141e-05
3.313340307840142903e-05
3.414623265437862648e-05
3.518886113646965008e-05
3.626241739827690448e-05
3.736787316629755631e-05
3.850612529597030890e-05
3.967792858584273327e-05
4.088370763589455092e-05
4.212353605824618939e-05
4.339766044906837121e-05
4.470677074379897202e-05
4.605200334926097159e-05
4.743486613476563459e-05
4.885680383909213982e-05
5.031899696249928557e-05
5.182263025570728961e-05
5.336873603783696306e-05
5.495830482864952988e-05
5.659232713372892891e-05
5.827201380881779139e-05
5.999861582575069508e-05
6.177371744688359286e-05
6.359877480464003977e-05
6.547525481148792849e-05
6.740448934248272018e-05
6.938709056251727496e-05
7.142344996555283839e-05
7.351389576672179684e-05
7.565878039593930350e-05
7.785899359486747324e-05
8.011605955081309597e-05
8.243188240371565893e-05
8.480812976272865725e-05
8.724639364191395753e-05
8.974758055757267128e-05
9.231258291945225697e-05
9.494241264327290414e-05
9.763883934082038716e-05
1.004039601986383539e-04
1.032390069778827682e-04
1.061449690666573149e-04
1.091226961651560294e-04
1.121730017169716016e-04
1.152976560932901203e-04
1.184991263854025826e-04
1.217797645296215235e-04
1.251405586567195562e-04
1.285811745272121887e-04
1.321017322240113513e-04
1.357025636496927794e-04
1.393851510313163134e-04
1.431507935842898992e-04
1.470003748150161777e-04
1.509349205256142322e-04
1.549559221385361806e-04
1.590650517244627756e-04
1.632637416412043669e-04
1.675532771293918087e-04
1.719347146194666537e-04
1.764096175167923506e-04
1.809782520162687351e-04
1.856396149043004404e-04
1.903923564047527996e-04
1.952363554041251824e-04
2.001715793496410879e-04
2.051995617571866781e-04
2.103230860301403941e-04
2.155443107765478016e-04
2.208660976959561520e-04
2.262921507154484844e-04
2.318230812595332611e-04
2.374574601604585657e-04
2.431920905372015002e-04
2.490227125149742154e-04
2.549468554761575049e-04
2.609647793773579839e-04
2.670794061005436911e-04
2.732937005958953986e-04
2.796081271358184035e-04
2.860245229665080548e-04
2.925445527556456136e-04
2.991638266787245747e-04
3.058759085085828119e-04
3.126761992700194978e-04
3.195677679825693418e-04
3.265557424309604800e-04
3.336388101293151194e-04
3.408180118178677585e-04
3.480951835272660640e-04
3.554640955540119113e-04
3.629168732112454101e-04
3.704516296144070458e-04
3.780708099781625482e-04
3.857781726794870070e-04
3.935803072906028308e-04
4.014782423621886752e-04
4.094676606483787238e-04
4.175388400212354722e-04
4.256805395492255055e-04
4.338866383999435039e-04
4.421626055112110629e-04
4.505289017945393864e-04
4.589838024143268712e-04
4.675211458803678831e-04
4.761406518193084399e-04
4.848497019782888441e-04
4.937036236557536262e-04
5.026579534961411961e-04
5.116770807655421360e-04
5.207723627446788793e-04
5.299407789021103564e-04
5.391754487067316288e-04
5.484651083824849949e-04
5.577978519505214818e-04
5.671712003410620938e-04
5.765727524518277558e-04
5.859962738422156998e-04
5.954353189429357086e-04
6.048784900473364685e-04
6.143185567251642151e-04
6.237498252109663398e-04
6.331633004268593431e-04
6.425526115132906444e-04
6.519126546939815791e-04
6.612342539663948080e-04
6.705069806595205691e-04
6.797208992432181686e-04
6.888677380172963808e-04
6.979403753403871100e-04
7.069306738969070641e-04
7.158299473457000080e-04
7.246297680562096329e-04
7.333232208406582865e-04
7.419015847205968081e-04
7.503573746906548039e-04
7.586824200000313878e-04
7.668670983370709775e-04
7.749029239165802340e-04
7.827805230299022220e-04
7.904918763856275251e-04
7.980283739277135510e-04
8.053829163749859788e-04
8.125494089968784408e-04
8.195206904094312454e-04
8.262899460912328251e-04
8.328507146886560174e-04
8.391971794732352866e-04
8.453225764710005146e-04
8.512204657641945452e-04
8.568853713887925961e-04
8.623124015239909835e-04
8.674969593068114406e-04
8.724343658016873917e-04
8.771207122316268708e-04
8.815522509186712223e-04
8.857265449485672657e-04
8.896415126962744753e-04
8.932958545350100322e-04
8.966891245936307615e-04
8.998207469018920743e-04
9.026903309227900848e-04
9.052989743214472172e-04
9.076480968725244821e-04
9.097401473311627056e-04
9.115778837508038777e-04
9.131641966703676547e-04
9.145032351999420918e-04
9.155996177627295481e-04
9.164585807301653311e-04
9.170862138046468465e-04
9.174892696842787713e-04
9.176756522176562512e-04
9.176541802141034666e-04
9.174341738224521580e-04
9.170258597796352058e-04
9.164394505296912571e-04
9.156859426913989668e-04
9.147766969030537770e-04
9.137236770501926770e-04
9.125395570166800396e-04
9.112374390958684605e-04
9.098303075783021644e-04
9.083308458513682758e-04
9.067513317293759761e-04
9.051040005255799048e-04
9.034017046368471001e-04
9.016565075080297705e-04
8.998794731392176054e-04
8.980807444347989549e-04
8.962695807123431148e-04
8.944541847312925849e-04
8.926418585108893394e-04
8.908386167432517629e-04
8.890488766638163318e-04
8.872766410801417652e-04
8.855258371325001095e-04
8.837987231994874756e-04
8.820963581805083302e-04
8.804191594111268919e-04
8.787673219584570981e-04
8.771404608336412067e-04
8.755376208686558746e-04
8.739581780841764033e-04
8.724016460517093879e-04
8.708668938245629548e-04
8.693523617518758443e-04
8.678572300895384412e-04
8.663801745756645077e-04
8.649195672735367560e-04
8.634745335918311273e-04
8.620447280643988783e-04
8.606295604417081406e-04
8.592290842962230875e-04
8.578436856762162782e-04
8.564739333742347376e-04
8.551200327363806756e-04
8.537825669776501376e-04
8.524629246301078421e-04
8.511625027741371360e-04
8.498830909462096097e-04
8.486266188025655063e-04
8.473949046293717492e-04
8.461904057327075505e-04
8.450150236431005655e-04
8.438705838477606478e-04
8.427599925457119603e-04
8.416859730530298640e-04
8.406508714803756803e-04
8.396574868042236146e-04
8.387100578721345999e-04
8.378125970513371429e-04
8.369670202330995769e-04
8.361741581682940756e-04
8.354346719745101317e-04
8.347516825750645082e-04
8.341282401752797906e-04
8.335674896839551790e-04
8.330730530949004764e-04
8.326484603908836882e-04
8.322952319087749927e-04
8.320132724147519341e-04
8.318051728350008911e-04
8.316712318660226654e-04
8.316119216619812220e-04
8.316276094706990998e-04
8.317174616023220593e-04
8.318834191942771133e-04
8.321288373610658071e-04
8.324527664257568623e-04
8.328520557346570435e-04
8.333282191005557740e-04
8.338792372036916284e-04
8.345058764422137601e-04
8.352071957296192811e-04
8.359827735095517456e-04
8.368373675113663888e-04
8.377671405943049737e-04
8.387722263308347147e-04
8.398557410918891649e-04
8.410146200277583651e-04
8.422508923670980838e-04
8.435638252563250556e-04
8.449475906448476736e-04
8.464121042740960308e-04
8.479565503158406105e-04
8.495792004776996998e-04
8.512914775081965087e-04
8.530829864604492574e-04
8.549592329762107767e-04
8.569308280892230572e-04
8.589803343761576952e-04
8.611262504902475034e-04
8.633669029656750645e-04
8.656871698933414410e-04
8.681203632958693021e-04
8.706449463420565379e-04
8.732613895592276085e-04
8.760050340483841336e-04
8.788306913949179211e-04
8.817702365555893894e-04
8.848412589861233803e-04
8.879895208876425333e-04
8.912943015374707144e-04
8.947173672732415019e-04
8.982271641165553381e-04
9.019194191357490526e-04
9.057050675457970022e-04
9.096519314975428728e-04
9.137481801597412178e-04
9.179393249393294528e-04
9.222990263937116658e-04
9.268359185705518557e-04
9.314830474379387623e-04
9.363276316792477905e-04
9.413334227510077382e-04
9.464540251986551219e-04
9.517878718911017971e-04
9.572583623790323825e-04
9.628983300220261008e-04
9.687648730447007660e-04
9.747406213511550796e-04
9.809242840152097766e-04
9.873320997812046196e-04
9.938469738641488808e-04
1.000611402675493852e-03
1.007542109010100585e-03
1.014628978514953150e-03
1.022003733858565340e-03
1.029443201905763054e-03
1.037101247791306262e-03
1.045079711515816507e-03
1.053064886349603128e-03
1.061331238499931603e-03
1.069830972385219132e-03
1.078406708316450918e-03
1.087294224788365590e-03
1.096229917915534811e-03
1.105418526662447750e-03
1.114852951582026878e-03
1.124280878456399707e-03
1.134008683385756121e-03
1.143947565799765522e-03
