1.107287052524700023e-07
1.107309128259906495e-07
1.107296000806776030e-07
1.107287663249243366e-07
1.107271051356005978e-07
1.107349178801601629e-07
1.108832887130951480e-07
1.109660849802234282e-07
1.110782009908479529e-07
1.110413631591856825e-07
1.108473624580029464e-07
1.109680377017432585e-07
1.107949813984959585e-07
1.107790117354594405e-07
1.107502856779533628e-07
1.107316666846767106e-07
1.107249679617656047e-07
1.107178964201852709e-07
1.107059259673046424e-07
1.106943783268238972e-07
1.106855366230546458e-07
1.106773070737286934e-07
1.106679783654752168e-07
1.106604528767328189e-07
1.106530996496142702e-07
1.106442644148893763e-07
1.106376224945221799e-07
1.106323398051745839e-07
1.106282247263113582e-07
1.106264764042218376e-07
1.106259501645853091e-07
1.106269618361839435e-07
1.106294778974770290e-07
1.106336454854995448e-07
1.106375650086158717e-07
1.106441980892400015e-07
1.106528109485384546e-07
1.106640406656819528e-07
1.106784432878025775e-07
1.106941949120590850e-07
1.107145313348559354e-07
1.107386356212894249e-07
1.107662058943932227e-07
1.108338823990622954e-07
1.108417308355340854e-07
1.108755603745112088e-07
1.109170433464661318e-07
1.109635754405259610e-07
1.110160872549568022e-07
1.110727909292662647e-07
1.111347686164345150e-07
1.112022548511344267e-07
1.112751656906463644e-07
1.113537065391471627e-07
1.114374871633078069e-07
1.115273814264419756e-07
1.116227826486487483e-07
1.117245025565747845e-07
1.118315813601555444e-07
1.119442565774346043e-07
1.120635401113738103e-07
1.121891775385357721e-07
1.123209042780116447e-07
1.124586292181865210e-07
1.126020075088399721e-07
1.127500876003305367e-07
1.129026362343187129e-07
1.130600512959851360e-07
1.132255552189752467e-07
1.133933768875772934e-07
1.135673093014765056e-07
1.137445042628173476e-07
1.139251786039570237e-07
1.141091972600672186e-07
1.142974139553797873e-07
1.144896407695817295e-07
1.146862228501402182e-07
1.148864010848858958e-07
1.150901557712045329e-07
1.152947948697809649e-07
1.155011206146072736e-07
1.157085777676849470e-07
1.159163577445030254e-07
1.161231859228198534e-07
1.163287267585566577e-07
1.165331685768225443e-07
1.167368140328853216e-07
1.169384153126102358e-07
1.171383147143400221e-07
1.173365358276885621e-07
1.175324103113494077e-07
1.177253263998542327e-07
1.179149485497873319e-07
1.181002972936154056e-07
1.182814412945149278e-07
1.184569599160863389e-07
1.186272685735265646e-07
1.187919515073598216e-07
1.189505570705871981e-07
1.191031751290057027e-07
1.192500021725684772e-07
1.193898038909120191e-07
1.195230542083670229e-07
1.196490322552000406e-07
1.197673386277954078e-07
1.198771239738693597e-07
1.199786986180435274e-07
1.200721724644434447e-07
1.201577582479448131e-07
1.202354613471838983e-07
1.203047307744276298e-07
1.203650068527094988e-07
1.204159097872590218e-07
1.204571784751583669e-07
1.204887081079578041e-07
1.205102942911201082e-07
1.205237014253834154e-07
1.205284648781967135e-07
1.205246724039169554e-07
1.205115578130189315e-07
1.204907193474650942e-07
1.204592239173054427e-07
1.204189773322685892e-07
1.203692419404439903e-07
1.203059753063050676e-07
1.202371648625494850e-07
1.201593758460449838e-07
1.200738042092833099e-07
1.199801839377946668e-07
1.198793696172418285e-07
1.197701348514236247e-07
1.196537152257454432e-07
1.195280538303157631e-07
1.193942453284464276e-07
1.192513392704035944e-07
1.191008797363434361e-07
1.189435610916176696e-07
1.187797635263146646e-07
1.186094086359524141e-07
1.184322944345519554e-07
1.182504089724254427e-07
1.180624665921945734e-07
1.178687100149472745e-07
1.176688440163390766e-07
1.174640860626013925e-07
1.172546726775942514e-07
1.170400644423016412e-07
1.168219935373565105e-07
1.165991880985046687e-07
1.163721022987965805e-07
1.161413645652061774e-07
1.159068249297829083e-07
1.156696348275864855e-07
1.154314137999529361e-07
1.151931521621115844e-07
1.149578120436535328e-07
1.147255083238108951e-07
1.144855765378882826e-07
1.142427192310167740e-07
1.139993177797641969e-07
1.137529685855014557e-07
1.135064944306724489e-07
1.132533339158089971e-07
1.130062313663575294e-07
1.127603968440356739e-07
1.125154132381330177e-07
1.122720539584883563e-07
1.120291831248242334e-07
1.117880580389990315e-07
1.115500331691818778e-07
1.113148502327620728e-07
1.110802568329447131e-07
1.108517034790530758e-07
1.106264144199276947e-07
1.104060966152112597e-07
1.101907727179787202e-07
1.099801754846402065e-07
1.097765383278805073e-07
1.095808555214837059e-07
1.093851753756809986e-07
1.091953648621090779e-07
1.090117218260753445e-07
1.088352432095500247e-07
1.086662844450670958e-07
1.085047007918279470e-07
1.083502240013688774e-07
1.082034804439236946e-07
1.080643864865621993e-07
1.079338690096111308e-07
1.078123127284301298e-07
1.077004024970103931e-07
1.075981536305633618e-07
1.075058090254435250e-07
1.074230628919190711e-07
1.073516582686365762e-07
1.072911123052130895e-07
1.072468200320156381e-07
1.072090272261939639e-07
1.071840084786196773e-07
1.071714556163337667e-07
1.071700889820762316e-07
1.071780074176204568e-07
1.071952272369103947e-07
1.072215827640429732e-07
1.072546765190286160e-07
1.072939640300007783e-07
1.073397837756741543e-07
1.073909487625150156e-07
1.074471316164310808e-07
1.075081396453062145e-07
1.075745264167949461e-07
1.076454141936023255e-07
1.077208090311193263e-07
1.078007263716936866e-07
1.078848652784708458e-07
1.079728748913469876e-07
1.080641848892163260e-07
1.081588152277772973e-07
1.082566213492917072e-07
1.083578032786217041e-07
1.084615155298544685e-07
1.085670200617413715e-07
1.086755424121864611e-07
1.087860356025852077e-07
1.088985044363106700e-07
1.090161535674984964e-07
1.091358113337952048e-07
1.092577894498512444e-07
1.093816020837837662e-07
1.095067446578778114e-07
1.096329880651856266e-07
1.097601496056998497e-07
1.098882589322695755e-07
1.100172117174162826e-07
1.101471626948284643e-07
1.102782081310927250e-07
1.104103562246865156e-07
1.105437040102535972e-07
1.106784394321631955e-07
1.108145810381198497e-07
1.109519788777054523e-07
1.110904525483500016e-07
1.112298621759505672e-07
1.113701375557518474e-07
1.115112004783985798e-07
1.116531184462634030e-07
1.117960692890631515e-07
1.119402479079512039e-07
1.120857938388233770e-07
1.122327679595701268e-07
1.123811878433702534e-07
1.125311581716698294e-07
1.126828300789763951e-07
1.128363877329392699e-07
1.129920408750237960e-07
1.131499125823496194e-07
1.133101196119702616e-07
1.134727048815486644e-07
1.136376989613382216e-07
1.138051309617247030e-07
1.139750233831459343e-07
1.141473648761999642e-07
1.143221649771130102e-07
1.144994591678568194e-07
1.146793073568913693e-07
1.148618871828216460e-07
1.150473921562496436e-07
1.152359283965664832e-07
1.154275074403920745e-07
1.156221780024850476e-07
1.158200799997482061e-07
1.160213668282736238e-07
1.162261572863712764e-07
1.164345429075923119e-07
1.166465319004877986e-07
1.168622471311059306e-07
1.170818755014989447e-07
1.173056751680052436e-07
1.175337982377133717e-07
1.177663854640297592e-07
1.180035444949271506e-07
1.182455445618744607e-07
1.184924591485940872e-07
1.187442515288305863e-07
1.190009932044910472e-07
1.192627784515837468e-07
1.195296667026180831e-07
1.198018110231464514e-07
1.200792487888592529e-07
1.203620377769582867e-07
1.206502535571765551e-07
1.209440318859728857e-07
1.212433946160747456e-07
1.215483340784627446e-07
1.218589590229320833e-07
1.221754847677877766e-07
1.224979971722062767e-07
1.228264085178268046e-07
1.231607239301529004e-07
1.235010200995649990e-07
1.238473871039377303e-07
1.241999461609990493e-07
1.245588969275982648e-07
1.249244160917344501e-07
1.252967762282534309e-07
1.256758367900392308e-07
1.260614813583013730e-07
1.264537137377634138e-07
1.268526453545599586e-07
1.272586517795413813e-07
1.276717398807849995e-07
1.280918953359526124e-07
1.285190450720268300e-07
1.289529658008577225e-07
1.293936062502996129e-07
1.298407788423935292e-07
1.302943209016205527e-07
1.307544004485789370e-07
1.312212300039490212e-07
1.316950040714949313e-07
1.321759861618821913e-07
1.326641230962410205e-07
1.331592042300515613e-07
1.336610823869423069e-07
1.341697663151029412e-07
1.346852645144083990e-07
1.352078827188156618e-07
1.357377705663898424e-07
1.362750020746450183e-07
1.368196890190326322e-07
1.373718375616612857e-07
1.379313260395972922e-07
1.384982334566902000e-07
1.390722797502235623e-07
1.396532874353731833e-07
1.402413320319604108e-07
1.408365294659441070e-07
1.414389254438499952e-07
1.420486508738574794e-07
1.426656370749306738e-07
1.432899618928360938e-07
1.439213680930182667e-07
1.445594746053042395e-07
1.452043785474495459e-07
1.458561786447010917e-07
1.465151496130454655e-07
1.471812168134941373e-07
1.478543406946511750e-07
1.485345313102134215e-07
1.492217191084819952e-07
1.499160326716883268e-07
1.506174015911206598e-07
1.513254725840154049e-07
1.520406952872299942e-07
1.527634695045468318e-07
1.534946970278677529e-07
1.542347160264405369e-07
1.549832139632724538e-07
1.557389804733347125e-07
1.564999974692990751e-07
1.572657632414302914e-07
1.580363318189563290e-07
1.588126491362995967e-07
1.595952869840028857e-07
1.603851025196213506e-07
1.611822266010540164e-07
1.619865967171967164e-07
1.627985076495026000e-07
1.636179707293941794e-07
1.644447291575775997e-07
1.652789253493675798e-07
1.661202996836964678e-07
1.669687218309529117e-07
1.678244981724146030e-07
1.686879019830416295e-07
1.695589891080761395e-07
1.704381168361474402e-07
1.713252494377997889e-07
1.722201073011994441e-07
1.731224512320057668e-07
1.740322569985144750e-07
1.749497760424140065e-07
1.758752543300505435e-07
1.768086979176476401e-07
1.777502381418098093e-07
1.786997786883749883e-07
1.796574750082607495e-07
1.806232834127114133e-07
1.815971718622848803e-07
1.825793832871669824e-07
1.835698344050780242e-07
1.845687355672919336e-07
1.855761420167290653e-07
1.865921847237480561e-07
1.876167490087734295e-07
1.886499424372629844e-07
1.896913608022939739e-07
1.907412623657306663e-07
1.917997787918784753e-07
1.928670894861303214e-07
1.939431207011381827e-07
1.950276402100261161e-07
1.961207577471409538e-07
1.972227658612778839e-07
1.983339054225323079e-07
1.994544698545418028e-07
2.005848265206018250e-07
2.017252117888974622e-07
2.028751850624181800e-07
2.040351790263154883e-07
2.052053038484365379e-07
2.063855708853690575e-07
2.075758846591474421e-07
2.087764043826662973e-07
2.099872929210268471e-07
2.112088649662914062e-07
2.124410732185736919e-07
2.136840854262087548e-07
2.149379423961354885e-07
2.162027369969261101e-07
2.174786053363777023e-07
2.187654379711068735e-07
2.200635644182924089e-07
2.213731293769594114e-07
2.226942368801786481e-07
2.240271990592908824e-07
2.253721654585725511e-07
2.267293631177340441e-07
2.280988582380961681e-07
2.294810996407125598e-07
2.308760961324638163e-07
2.322834349342579936e-07
2.337033398084375176e-07
2.351359169937720169e-07
2.365813978001291101e-07
2.380398835230535703e-07
2.395117968228261307e-07
2.409972279046451110e-07
2.424968924723021397e-07
2.440109702663974709e-07
2.455397001295344034e-07
2.470832658801971970e-07
2.486419810304535025e-07
2.502161109033693706e-07
2.518062658401529024e-07
2.534129078005498447e-07
2.550369635685525826e-07
2.566795279997159011e-07
2.583431394725973483e-07
2.600309812649653441e-07
2.617455540141860980e-07
2.634899553552289764e-07
2.652674941136736290e-07
2.670805269428783605e-07
2.689299936075538511e-07
2.708164602681987509e-07
2.727399404692396163e-07
2.747004978704707668e-07
2.766975621499219000e-07
2.787308451224664089e-07
2.808001940554079079e-07
2.829038790304920358e-07
2.850383823680645324e-07
2.872022295612796228e-07
2.893975405120870634e-07
2.916248466114383195e-07
2.938823892291115785e-07
2.961693695755347722e-07
2.984853163830834854e-07
3.008299312660956012e-07
3.032027372585756445e-07
3.056038496231510977e-07
3.080342938452321500e-07
3.104940506767477698e-07
3.129823763988466163e-07
3.155001849667674255e-07
3.180487986110875256e-07
3.206297175772840412e-07
3.232407755400391766e-07
3.258859653858643663e-07
3.285642073402675209e-07
3.312772104797436620e-07
3.340284645074744528e-07
3.368163593340825481e-07
3.396437288810273041e-07
3.425117359186241802e-07
3.454203740763309155e-07
3.483724876155445179e-07
3.513697431485086685e-07
3.544107098324120861e-07
3.574990405780925519e-07
3.606369120815401564e-07
3.638247020122062160e-07
3.670630252294248765e-07
3.703567554249334773e-07
3.737076714734816746e-07
3.771162902613361008e-07
3.805814102453436921e-07
3.841141231452968460e-07
3.877133916870782806e-07
3.913795485884662432e-07
3.951161745054938559e-07
3.989312717432166627e-07
4.028293991232622511e-07
4.068096026007073091e-07
4.108700353602230422e-07
4.150098723610636433e-07
4.192409368975583513e-07
4.235643261039388156e-07
4.279806925857914894e-07
4.324897150609351816e-07
4.371038244648041594e-07
4.418206302083501243e-07
4.466526712704764074e-07
4.516004691367064602e-07
4.566742635885215404e-07
4.618723620741018678e-07
4.672021740808206011e-07
4.726660414224089733e-07
4.782552486595039982e-07
4.839844761145771483e-07
4.898713178691888854e-07
4.959173082450310527e-07
5.021568287136531301e-07
5.085692969073010300e-07
5.151450888058582784e-07
5.218996183313463970e-07
5.288387570207635372e-07
5.359590224079550380e-07
5.432634671379454421e-07
5.507764953576644831e-07
5.584860210356838427e-07
5.664102283435771379e-07
5.745711728842399338e-07
5.829630346043053012e-07
5.915954175034942527e-07
6.004451675059515709e-07
6.095485189380871622e-07
6.189350910143568270e-07
6.286071138579316920e-07
6.385739878075454263e-07
6.488352254968019976e-07
6.594057907035101242e-07
6.703243284981750292e-07
6.816278166251607814e-07
6.933189406005658249e-07
7.053903851150051695e-07
7.181571608437074839e-07
7.315933692281429182e-07
7.455446063734758021e-07
7.599407255080220361e-07
7.746642851958481083e-07
7.897949597905464071e-07
8.053763921772917952e-07
8.213161316093563950e-07
8.377374669757216063e-07
8.546868243437904559e-07
8.721315911634140588e-07
8.900967808978226597e-07
9.085949576346282063e-07
9.276595874680727034e-07
9.472620857424344562e-07
9.674554846562332026e-07
9.883668025280526165e-07
1.010046041156425075e-06
1.032509715736858363e-06
1.055732138834266696e-06
1.079752234460359834e-06
1.104412779793409247e-06
1.129810212013146327e-06
1.155999709220927082e-06
1.182971637268284206e-06
1.210773537621954642e-06
1.239443270760150227e-06
1.269042302437781328e-06
1.299645446212671251e-06
1.331213267870195923e-06
1.363817475925866242e-06
1.397388382317106850e-06
1.431985501716501185e-06
1.467613655864420861e-06
1.504335135729215340e-06
1.542225886684759347e-06
1.581288723766079329e-06
1.621577098675840389e-06
1.663066692012191868e-06
1.705729414301207464e-06
1.749702184890868847e-06
1.795167742122221205e-06
1.842190980942028978e-06
1.890796722367506563e-06
1.940934271222910522e-06
1.992671980809705897e-06
2.046044083631370640e-06
2.101066210107337838e-06
2.157772091261489652e-06
2.216250386957456060e-06
2.276526402869132449e-06
2.338591020482263264e-06
2.402486415296445683e-06
2.468374396336952491e-06
2.536335244054325006e-06
2.606358323885691377e-06
2.678557603403435558e-06
2.753001852205974368e-06
2.829742585867330384e-06
2.908766306046744320e-06
2.990253253803659910e-06
3.074292880839225792e-06
3.160905792977646627e-06
3.250230894723223275e-06
3.342344573619052728e-06
3.437288086329285629e-06
3.535146167685869378e-06
3.636007120256651824e-06
3.739972616509683400e-06
3.847099197708092787e-06
3.957504681356025895e-06
4.071347299578417664e-06
4.188701710405231443e-06
4.309677152981760870e-06
4.434357798385009367e-06
4.562843515408137901e-06
4.695224217443590760e-06
4.831668191789475538e-06
4.972359930835155158e-06
5.117412176778556721e-06
5.267000629841456280e-06
5.421253368304272357e-06
5.580200353212533553e-06
5.743991288351682289e-06
5.912698370428685031e-06
6.086463200203167207e-06
6.265436578066723850e-06
6.449819110680046048e-06
6.639777766948674748e-06
6.835414207352842793e-06
7.036922301915644971e-06
7.244547917341038246e-06
7.458590999086926866e-06
7.679271416294933454e-06
7.906722342151352911e-06
8.141056060467658038e-06
8.382462512385785563e-06
8.631130157524292493e-06
8.887281077123512107e-06
9.151006213445096878e-06
9.422498434449637307e-06
9.702015116321646167e-06
9.989905898364496767e-06
1.028654590247008165e-05
1.059227849561801030e-05
1.090742219523077085e-05
1.123223196009570001e-05
1.156695554998637492e-05
1.191175255793849703e-05
1.226681560457138924e-05
1.263222075870554971e-05
1.300812691096144551e-05
1.339492935292516838e-05
1.379288737207450337e-05
1.420221674527118291e-05
1.462319507421403394e-05
1.505616265185016875e-05
1.550147101245275439e-05
1.595952081497651776e-05
1.643071924212022807e-05
1.691560339062294456e-05
1.741461087934707965e-05
1.792816542854887236e-05
1.845685755182999331e-05
1.900122021235448871e-05
1.956157253912996837e-05
2.013830924134559020e-05
2.073197039899936448e-05
2.134312666009079048e-05
2.197204179032358781e-05
2.261888674836018485e-05
2.328381829780819685e-05
2.396715283968392190e-05
2.466935986576080761e-05
2.539108892734164740e-05
2.613302603146973357e-05
2.689566450967210005e-05
2.767959300859136972e-05
2.848505393413506385e-05
2.931181825464233116e-05
3.015947843926487066e-05
3.102824397144265944e-05
3.191901701750375663e-05
3.283303141359269697e-05
3.377163535067742312e-05
3.473566354111846596e-05
3.572559190093548568e-05
3.674228719763905139e-05
3.778645474025061626e-05
3.885894428069920582e-05
3.996040434453576270e-05
4.109145403173776755e-05
4.225257958580684641e-05
4.344487274083063983e-05
4.466925472915991369e-05
4.592653854476307237e-05
4.721763023088196607e-05
4.854270028966408394e-05
4.990118475001831879e-05
5.129253299589069847e-05
5.271620827789621978e-05
5.417267332620911524e-05
5.566310404775858732e-05
5.718881739375014704e-05
5.875081063125463178e-05
6.035091416745872210e-05
6.199013830336346626e-05
6.366861519713257645e-05
6.538583938611576096e-05
6.714272343007550339e-05
6.894069013140596207e-05
7.077979998114276590e-05
7.266033772349260315e-05
7.458273426815940248e-05
7.654719382848544521e-05
7.855495822866731938e-05
8.060730840303068881e-05
8.270524366588148690e-05
8.484868029352645217e-05
8.703743017651779349e-05
8.927329573219983431e-05
9.155483660398319051e-05
9.388359221025134648e-05
9.626037910769939224e-05
9.868311286160413994e-05
1.011516548824113011e-04
1.036674403563267970e-04
1.062316928933961082e-04
1.088454555471190757e-04
1.115095224090284091e-04
1.142238998050665506e-04
1.169905842133780219e-04
1.198097689517474955e-04
1.226807246746723862e-04
1.256026098852140488e-04
1.285725574844147530e-04
1.315880363641213778e-04
1.346484302626443225e-04
1.377585089979185525e-04
1.409163275450345428e-04
1.441251157027501897e-04
1.473910355837403530e-04
1.507162675789288340e-04
1.540979193028239273e-04
1.575318639281338183e-04
1.610097601802140134e-04
1.645306587036909560e-04
1.680978706504395750e-04
1.717120727745246591e-04
1.753713134703225739e-04
1.790735328770371175e-04
1.828864676172365961e-04
1.867732888121925543e-04
1.906973172587187338e-04
1.946599779600959013e-04
1.986596108839826778e-04
2.027052608044623548e-04
2.068034544316376972e-04
2.109501683479520927e-04
2.151420211322581421e-04
2.193779126094506395e-04
2.236568070985177402e-04
2.279751405533129104e-04
2.323278500325365195e-04
2.367153153228884050e-04
2.411344132076894721e-04
2.455823334239583050e-04
2.500584652769907604e-04
2.545592095251353196e-04
2.590810533021895208e-04
2.636188977306086782e-04
2.681722348888489920e-04
2.727416002441804873e-04
2.773231305358393002e-04
2.819131608370392802e-04
2.865113260475604597e-04
2.911125541067929477e-04
2.957116733483722195e-04
3.003029423325516293e-04
3.048850467886192765e-04
3.094560829409571620e-04
3.140146645529038011e-04
3.185546857577575722e-04
3.230717479935288480e-04
3.275599582714548621e-04
3.320115794782121086e-04
3.364248338913154181e-04
3.407981813130262373e-04
3.451286532352300612e-04
3.494112949514031918e-04
3.536412749141432869e-04
3.578153121117583560e-04
3.619286323279097273e-04
3.659766018821722020e-04
3.699552442876717878e-04
3.738615164002319466e-04
3.776924558089108535e-04
3.814443899010630306e-04
3.851132562642608668e-04
3.886948371395145311e-04
3.921865702782913752e-04
3.955849811082155971e-04
3.988872419308790891e-04
4.020906153992949666e-04
4.051923645658328911e-04
4.081889113303778364e-04
4.110780042271064004e-04
4.138575210434529634e-04
4.165259478881490492e-04
4.190829192389335990e-04
4.215270616626906239e-04
4.238570653755971114e-04
4.260719809924922428e-04
4.281710939328646644e-04
4.301541440788527186e-04
4.320214498372166733e-04
4.337731150711111503e-04
4.354094616027018544e-04
4.369317369741363343e-04
4.383417394370969170e-04
4.396414102945708888e-04
4.408333171330306235e-04
4.419198200641171804e-04
4.429039156642000869e-04
4.437884741981697450e-04
4.445764696067729766e-04
4.452714466804772332e-04
4.458769992048854428e-04
4.463971331196030299e-04
4.468359842796461507e-04
4.471978075752252061e-04
4.474868754582326863e-04
4.477069689920918326e-04
4.478621704549540141e-04
4.479571299353969898e-04
4.479962149979092715e-04
4.479842462389147959e-04
4.479261184134474168e-04
4.478259150143027736e-04
4.476875534348857539e-04
4.475147613586533536e-04
4.473107751444458345e-04
4.470785895215288741e-04
4.468208207643730324e-04
4.465407295558079001e-04
4.462416733700002745e-04
4.459268257619451769e-04
4.455990020911271038e-04
4.452611827787138947e-04
4.449157035914573315e-04
4.445655304101686503e-04
4.442135810107297050e-04
4.438623677251173376e-04
4.435140558963863110e-04
4.431707066485593839e-04
4.428348292013720849e-04
4.425089401394723338e-04
4.421961333657425551e-04
4.418996701223321284e-04
4.416231171307619953e-04
4.413693254672406644e-04
4.411409062349827483e-04
4.409411185268724857e-04
4.407724033412254100e-04
4.406372777197601828e-04
4.405392665149997851e-04
4.404841869656025521e-04
4.404778378034703620e-04
4.405247254003584055e-04
4.406313128922843239e-04
4.408052119905716409e-04
4.410583130958968426e-04
4.414077891173276316e-04
4.418847821446679610e-04
4.425439787051158058e-04
4.433844032282749977e-04
4.443607396142075874e-04
4.454469289388813332e-04
4.466231128451487488e-04
4.478870893229395644e-04
4.492807005191417529e-04
4.507752491868055687e-04
4.523497353245503833e-04
4.539984992347550433e-04
4.557321697088662429e-04
4.575525168905308785e-04
4.594658091546007916e-04
4.614695357442330980e-04
4.635611965428750492e-04
4.657392231864922443e-04
4.680038669851809517e-04
4.703580707166271462e-04
4.728003822714547250e-04
4.753289416154521819e-04
4.779464437757623206e-04
4.806555007620077319e-04
4.834606766540934975e-04
4.863652568800091221e-04
4.893733905616008337e-04
4.924985756691352586e-04
4.957633311050124161e-04
4.991874319474612007e-04
5.027986982107354773e-04
5.066446996127562871e-04
5.107400812815040755e-04
5.150339256265193616e-04
5.194857354441848041e-04
5.240738153724350517e-04
5.287871511360273764e-04
5.336195364711774193e-04
5.385653791968347034e-04
5.436205795997711481e-04
5.487819773164419974e-04
5.540467277486992893e-04
5.594110938774453151e-04
5.648704038085655557e-04
5.704208567578063866e-04
5.760591502727284733e-04
5.817824779211919683e-04
5.875876087448646127e-04
5.934715660419195371e-04
5.994315916328992345e-04
6.054650571477405508e-04
6.115689732163909903e-04
6.177409359585242033e-04
6.239784322125097819e-04
6.302796392809988796e-04
6.366430327240042751e-04
6.430659801177715127e-04
6.495465189676328426e-04
6.560827681691151205e-04
6.626730270021132354e-04
6.693164623572474183e-04
6.760114673197981094e-04
6.827571043422845775e-04
6.895534807415323875e-04
6.963987859062968373e-04
7.032942802889590676e-04
7.102398189805115419e-04
7.172341337875148912e-04
7.242805084829160352e-04
7.313768781760239231e-04
7.385245127780645357e-04
7.457269992166362400e-04
7.529793099775258271e-04
7.602885385340024628e-04
7.676539065311792018e-04
7.750711398851424299e-04
7.825536646709197169e-04
7.900894766259422769e-04
7.976856043307965771e-04
8.053529374246766849e-04
8.130701968169060274e-04
8.208662334299446015e-04
8.287360178343058112e-04
8.366612762642826545e-04
8.446761588772806230e-04
8.527415163223630787e-04
8.608878646033585932e-04
8.691412194347901410e-04
8.774214293859296720e-04
8.858200151818920384e-04
8.942895819052860441e-04
9.028065316636597415e-04
9.114868634231281137e-04
9.201827447238179530e-04
9.289872059094906719e-04
9.378967090163188754e-04
9.468206024565462573e-04
9.559340475555254618e-04
9.650770081341367591e-04
9.742781245679790585e-04
9.836676783467168238e-04
9.929984577900436479e-04
1.002195650107638291e-03
1.011251073088984638e-03
1.020163083592891436e-03
1.028932279130632217e-03
1.037559605116648593e-03
1.046046305468044434e-03
1.054394034875016451e-03
1.062604670222928567e-03
1.070680649138928660e-03
1.078625017496988607e-03
1.086440608053613902e-03
1.094130558319041623e-03
1.101698396353611954e-03
1.109150288114266322e-03
1.116484135808011157e-03
1.123709023146605588e-03
1.130828307096082242e-03
1.137846180221774219e-03
1.144767450586644912e-03
1.151597035641849578e-03
