1.107275135648192420e-07
1.107302197626377210e-07
1.107289282766296864e-07
1.107276471121319162e-07
1.107254496120890047e-07
1.107267455083972855e-07
1.107973546013562122e-07
1.108412556563609388e-07
1.108422460975013536e-07
1.108412979117990039e-07
1.107491361813135681e-07
1.107774899302737340e-07
1.107253906521921214e-07
1.107122331923435573e-07
1.106981186910188694e-07
1.106858293756378877e-07
1.106815526127680797e-07
1.106770651441714033e-07
1.106618175753751739e-07
1.106538431699071254e-07
1.106448616014069396e-07
1.106345164361429181e-07
1.106247574425963853e-07
1.106175413945340180e-07
1.106095774557401579e-07
1.106022103249214092e-07
1.105977609236665972e-07
1.105951600760777895e-07
1.105953075741564863e-07
1.105988610424875253e-07
1.106043208577923684e-07
1.106121563884642202e-07
1.106222311042802779e-07
1.106347293027664418e-07
1.106492391814613444e-07
1.106677907963840179e-07
1.106901173176577053e-07
1.107163078472771828e-07
1.107471983062898493e-07
1.107823663759013865e-07
1.108239896198257428e-07
1.108717943808578916e-07
1.109260040696994012e-07
1.109989025711482965e-07
1.110516257437247032e-07
1.111225469701823422e-07
1.112000358778778351e-07
1.112864856071371168e-07
1.113793337270726716e-07
1.114787074236015718e-07
1.115868519523151795e-07
1.117022840260259222e-07
1.118248811475686264e-07
1.119556927994995439e-07
1.120938336902398174e-07
1.122399448940574106e-07
1.123941978693359538e-07
1.125562946117543789e-07
1.127254408659704664e-07
1.129018518311026559e-07
1.130860946365040145e-07
1.132771672299184638e-07
1.134752601119544677e-07
1.136799003777248575e-07
1.138901551233289261e-07
1.141056070273253027e-07
1.143252147371883863e-07
1.145490582388074540e-07
1.147792001972107992e-07
1.150116076565455622e-07
1.152483850321844803e-07
1.154867734438064373e-07
1.157272182545874366e-07
1.159694560264853016e-07
1.162134397684610468e-07
1.164583611103355264e-07
1.167042374146877798e-07
1.169503201283380194e-07
1.171967284694170367e-07
1.174410413235036034e-07
1.176842821964524845e-07
1.179259977752012800e-07
1.181654797878347048e-07
1.184004714721086389e-07
1.186288281428694785e-07
1.188495209540969470e-07
1.190628628775125158e-07
1.192686867254110664e-07
1.194689040957019829e-07
1.196642059962310060e-07
1.198538945481869866e-07
1.200367907451892103e-07
1.202119210320963243e-07
1.203781651630937958e-07
1.205357531641135257e-07
1.206838029337865848e-07
1.208225677314346158e-07
1.209516891358297470e-07
1.210704964059723674e-07
1.211798042395242755e-07
1.212797237369493814e-07
1.213690661117273061e-07
1.214485398196547907e-07
1.215172295988165850e-07
1.215752264633692954e-07
1.216218520671917302e-07
1.216579892963700020e-07
1.216841137696057243e-07
1.217002067315055849e-07
1.217060531313415360e-07
1.217014094218278741e-07
1.216862176395333687e-07
1.216604511977307230e-07
1.216241135170330310e-07
1.215774461266710581e-07
1.215201894089741517e-07
1.214550153182214898e-07
1.213810029716028807e-07
1.212983527302576880e-07
1.212063038258120398e-07
1.211064895337173656e-07
1.209970233940631120e-07
1.208795099423972899e-07
1.207537045979280572e-07
1.206144199040430111e-07
1.204731018453399586e-07
1.203244493434254323e-07
1.201698593612139063e-07
1.200090495918211710e-07
1.198434211069332394e-07
1.196718252360913642e-07
1.194965789178257167e-07
1.193133750600613740e-07
1.191249820742017047e-07
1.189311566181722068e-07
1.187326344513011835e-07
1.185300493940300613e-07
1.183250429066538652e-07
1.181169305793419840e-07
1.179060852762156585e-07
1.176939857270731966e-07
1.174808159587639075e-07
1.172663884055892237e-07
1.170506020459875554e-07
1.168343345378422771e-07
1.166184099748308502e-07
1.164025944404443309e-07
1.161874137180437750e-07
1.159729415286252950e-07
1.157594708158628979e-07
1.155477283364855483e-07
1.153376412219820220e-07
1.151299529916089616e-07
1.149257431071851642e-07
1.147267972964716930e-07
1.145329793698413727e-07
1.143519885860768002e-07
1.141663767696474270e-07
1.139843134173030178e-07
1.138091545073800672e-07
1.136373326224650051e-07
1.134705713084674457e-07
1.133042626382143424e-07
1.131510448472203857e-07
1.130045129865314271e-07
1.128628329444881201e-07
1.127302966062937356e-07
1.126058296264474999e-07
1.124853618957634975e-07
1.123783112899445713e-07
1.122805964387162168e-07
1.121895027215785210e-07
1.121117297227786415e-07
1.120433374963709266e-07
1.119865815696690417e-07
1.119414822150606837e-07
1.119064348108015983e-07
1.118837884624831091e-07
1.118806147500176949e-07
1.118769581231723247e-07
1.118873807612729690e-07
1.119101661332735213e-07
1.119455241812258580e-07
1.119947773280677881e-07
1.120577832450862605e-07
1.121344817846975572e-07
1.122244831630741096e-07
1.123284600632118448e-07
1.124465048462528978e-07
1.125786008017661797e-07
1.127256115170100031e-07
1.128885759736407679e-07
1.130670205987483029e-07
1.132579754383476858e-07
1.134680622247441194e-07
1.136936180893480953e-07
1.139407229867004069e-07
1.141944357978597462e-07
1.144619401641040873e-07
1.147418329419083090e-07
1.150311328776225977e-07
1.153264493859141241e-07
1.156250241848590900e-07
1.159257817830853097e-07
1.162242944873148530e-07
1.165192183087642708e-07
1.168125315942078214e-07
1.171002115948798489e-07
1.173815226568293812e-07
1.176571939698055468e-07
1.179273228949015033e-07
1.181925865473601404e-07
1.184538352399145981e-07
1.187116160238414706e-07
1.189668642260569922e-07
1.192197541848722853e-07
1.194711076714066901e-07
1.197207459462514670e-07
1.199680972711108285e-07
1.202177789365083068e-07
1.204607825788462084e-07
1.207010613348480320e-07
1.209391678337400809e-07
1.211759116504897721e-07
1.214071448280840421e-07
1.216418261875365909e-07
1.218749046357774182e-07
1.221079245626088784e-07
1.223415148525123324e-07
1.225755912849392602e-07
1.228106098171196989e-07
1.230469227273022841e-07
1.232851459830167863e-07
1.235258558494628670e-07
1.237697074526251564e-07
1.240172331609684368e-07
1.242687168022964403e-07
1.245244504302165059e-07
1.247846605994526808e-07
1.250496150625239532e-07
1.253196762852825784e-07
1.255951301986185612e-07
1.258762637737377399e-07
1.261633893632509772e-07
1.264568440137426020e-07
1.267571033617292892e-07
1.270646374436967557e-07
1.273798453133174739e-07
1.277030711030531070e-07
1.280346965961027226e-07
1.283751193746376082e-07
1.287247023864471228e-07
1.290838383617654831e-07
1.294529065323098000e-07
1.298322731665750164e-07
1.302222322039578120e-07
1.306231101103719861e-07
1.310351363349527456e-07
1.314585279579538085e-07
1.318935192844949199e-07
1.323403232183608979e-07
1.327990894959647125e-07
1.332700565969623444e-07
1.337535512637451555e-07
1.342498106904924442e-07
1.347590209721942568e-07
1.352813492154596394e-07
1.358170180881720173e-07
1.363662408905482214e-07
1.369292258701097680e-07
1.375061389895093797e-07
1.380971101790748330e-07
1.387023006408257903e-07
1.393218705723698748e-07
1.399559283542120422e-07
1.406046212444134041e-07
1.412681369955389013e-07
1.419467712349558060e-07
1.426406958852292018e-07
1.433500677189413705e-07
1.440749771264413931e-07
1.448156814682727404e-07
1.455722634758051435e-07
1.463446868142735546e-07
1.471330390397489340e-07
1.479374378705727937e-07
1.487579235616449682e-07
1.495945532611762866e-07
1.504473130483891867e-07
1.513161889715309055e-07
1.522012666137753859e-07
1.531026492043642366e-07
1.540203594170765126e-07
1.549543797223446391e-07
1.559047362919002201e-07
1.568716279496464628e-07
1.578550983679592033e-07
1.588550104080221617e-07
1.598712932908024185e-07
1.609039479517936007e-07
1.619530354952265367e-07
1.630187002454620045e-07
1.641011724191478318e-07
1.652005585090738781e-07
1.663170821636006808e-07
1.674506461942229820e-07
1.686011758395608080e-07
1.697685991642012983e-07
1.709528969797691532e-07
1.721542965219914745e-07
1.733728146509015819e-07
1.746084275450636217e-07
1.758610559233765065e-07
1.771304755777553775e-07
1.784164606278020819e-07
1.797187759687902017e-07
1.810372556860029647e-07
1.823719454012026074e-07
1.837229553561495402e-07
1.850903693309098985e-07
1.864743922979027303e-07
1.878750043326414796e-07
1.892920383525788448e-07
1.907253573571839010e-07
1.921749479690577097e-07
1.936407350940568131e-07
1.951229325089923264e-07
1.966215554625660151e-07
1.981366981078079570e-07
1.996684022653621485e-07
2.012167218290251474e-07
2.027816234612220968e-07
2.043632260465037905e-07
2.059614531999992780e-07
2.075760561497923206e-07
2.092071242188187346e-07
2.108548297064483541e-07
2.125191564293093936e-07
2.142001833470028504e-07
2.158977837623650681e-07
2.176117817808856063e-07
2.193419310148024508e-07
2.210879250516983582e-07
2.228498951009892534e-07
2.246278678322854539e-07
2.264218688416799489e-07
2.282318166895181671e-07
2.300577394914103604e-07
2.318995970339910344e-07
2.337574508799733285e-07
2.356313806903356400e-07
2.375211548281959694e-07
2.394266399091099318e-07
2.413478605190955589e-07
2.432849626715272893e-07
2.452386747893586841e-07
2.472095100623422311e-07
2.491974257298815784e-07
2.512015729394729459e-07
2.532203359155385744e-07
2.552532937862857495e-07
2.573002520916336343e-07
2.593619857513851019e-07
2.614388569145880299e-07
2.635315300371365939e-07
2.656401132507755138e-07
2.677643496526345019e-07
2.699046360949828174e-07
2.720613230907345371e-07
2.742343874032270369e-07
2.764238747144292052e-07
2.786292695310834072e-07
2.808502550112463762e-07
2.830872469283911944e-07
2.853402779147102296e-07
2.876093886267642224e-07
2.898947677664651764e-07
2.921967478341856689e-07
2.945152838901713374e-07
2.968500988605892325e-07
2.992011429315087003e-07
3.015681936922899568e-07
3.039514944627862297e-07
3.063512761866433493e-07
3.087679832296564338e-07
3.112015566383392893e-07
3.136517905618317006e-07
3.161184800155632705e-07
3.186015247248168167e-07
3.211019585088482060e-07
3.236196215973117363e-07
3.261545561541803801e-07
3.287069663868875287e-07
3.312767767386619014e-07
3.338642491669914414e-07
3.364690692531497780e-07
3.390915025067298870e-07
3.417311486676032172e-07
3.443883038619799690e-07
3.470630257163556161e-07
3.497554294523317589e-07
3.524656265643432129e-07
3.551937780111698097e-07
3.579398543413545300e-07
3.607043287273723617e-07
3.634876585757351853e-07
3.662899733498585292e-07
3.691113122111164463e-07
3.719518246388852855e-07
3.748116504366160589e-07
3.776906894448238525e-07
3.805890614461563710e-07
3.835066985778335522e-07
3.864438609154735645e-07
3.894007281252677290e-07
3.923778673462556491e-07
3.953751906873384965e-07
3.983926909934943933e-07
4.014302423623593115e-07
4.044876972095646346e-07
4.075650770328314984e-07
4.106626781149158210e-07
4.137811050262919837e-07
4.169204668185163126e-07
4.200811887458079127e-07
4.232630519538779440e-07
4.264660514632847251e-07
4.296902914909467301e-07
4.329360608235508239e-07
4.362039028069063179e-07
4.394938214123055860e-07
4.428059860968652355e-07
4.461402496576623206e-07
4.494969590965729015e-07
4.528762520438009993e-07
4.562781879172737314e-07
4.597034199248019356e-07
4.631522964868308948e-07
4.666248931515240233e-07
4.701210052270639333e-07
4.736405248636960372e-07
4.771838998509308845e-07
4.807512930121805907e-07
4.843432854729901456e-07
4.879605430004891029e-07
4.916034440967277554e-07
4.952725506931970463e-07
4.989684725763819819e-07
5.026930184747716542e-07
5.064485519574568971e-07
5.102386586674359664e-07
5.140659472468752817e-07
5.179332998338049751e-07
5.218425461635650173e-07
5.257940269899083917e-07
5.297879160381321448e-07
5.338232082344121216e-07
5.378980333066366512e-07
5.420097625898046098e-07
5.461571165953677412e-07
5.503394953101778118e-07
5.545567045885298396e-07
5.588058436852233640e-07
5.630845972301709165e-07
5.673934750320804264e-07
5.717328046766475637e-07
5.761028173073949584e-07
5.805064539943857624e-07
5.849461137534309248e-07
5.894236694850152096e-07
5.939403201892871734e-07
5.984964941086473874e-07
6.030929571805075539e-07
6.077285742990870343e-07
6.124018797603253521e-07
6.171123485036318068e-07
6.218597357982086739e-07
6.266452231826222082e-07
6.314676425123349177e-07
6.363288980283407237e-07
6.412284016265239089e-07
6.461683719593457991e-07
6.511495703800644570e-07
6.561713888695034983e-07
6.612337865432635015e-07
6.663381925699038070e-07
6.714853655605926702e-07
6.766783293263127412e-07
6.819172612733226277e-07
6.872017086896730865e-07
6.925330846882128784e-07
6.979116735877981046e-07
7.033370495399945542e-07
7.088086899126316930e-07
7.143303506845934855e-07
7.199019957109484403e-07
7.255249406536895516e-07
7.311975558603272429e-07
7.369256125320011045e-07
7.427101946600252517e-07
7.485505606574731503e-07
7.544480174110068979e-07
7.604084918783978856e-07
7.664368501222585464e-07
7.725313966656861361e-07
7.786916129648989758e-07
7.849165763576968096e-07
7.912147820653554587e-07
7.975835833853645741e-07
8.040261551176075162e-07
8.105423644527614010e-07
8.171399727512743120e-07
8.238164527606925711e-07
8.305819580833859721e-07
8.374374378398786756e-07
8.443901695818224153e-07
8.514368632234388299e-07
8.585807006699492755e-07
8.658230097341042545e-07
8.731581696967999480e-07
8.805899035351832537e-07
8.881247213431086027e-07
8.957569080194668577e-07
9.035095041366188665e-07
9.113816576688384185e-07
9.193693607316563272e-07
9.274767738383515324e-07
9.357104042939412269e-07
9.440765409061742860e-07
9.525820009205249399e-07
9.612296241370114947e-07
9.700243657135632179e-07
9.789797422063425854e-07
9.880910038262505582e-07
9.973526939508884993e-07
1.006765260020127428e-06
1.016332464470835268e-06
1.026069578869204862e-06
1.035982282293934630e-06
1.046051327051711754e-06
1.056290913737788270e-06
1.066702252456209834e-06
1.077319607368068550e-06
1.088144384607950562e-06
1.099192535640111820e-06
1.110462265267263898e-06
1.121950153670223221e-06
1.133680661564040179e-06
1.145655194615393140e-06
1.157904747015710688e-06
1.170413241129848153e-06
1.183179718267511289e-06
1.196206766387503449e-06
1.209487161588880742e-06
1.223056552384726104e-06
1.236900496050589537e-06
1.251067495213563592e-06
1.265529317741823979e-06
1.280315334023797795e-06
1.295409113053267615e-06
1.310861312683006997e-06
1.326678235031577463e-06
1.342875272603192881e-06
1.359500248511072910e-06
1.376550784789304541e-06
1.393987732900396323e-06
1.411819859536554202e-06
1.430066095530905656e-06
1.448713719371920201e-06
1.467795700406574564e-06
1.487401124216285408e-06
1.507593998518101267e-06
1.528368928262883871e-06
1.549712447815840437e-06
1.571618826836632034e-06
1.594105827271569961e-06
1.617182408119488059e-06
1.640859058374796794e-06
1.665174877235416275e-06
1.690184100448851502e-06
1.715928534232872137e-06
1.742427933871324620e-06
1.769653616903560176e-06
1.797560427719011618e-06
1.826234314776657156e-06
1.855773128823587093e-06
1.886206446715338302e-06
1.917528896556387208e-06
1.949756034165589776e-06
1.982830642253232650e-06
2.016797183893942008e-06
2.051704553944748025e-06
2.087638807178919602e-06
2.124673996841505921e-06
2.162804477260262207e-06
2.202053211343698709e-06
2.242476978488948759e-06
2.284108393002481096e-06
2.326940152767929042e-06
2.371062268080072962e-06
2.416501337384181692e-06
2.463348509994615187e-06
2.511552263651450463e-06
2.561216184168185574e-06
2.612292138275324275e-06
2.665016389137234109e-06
2.719468072323724749e-06
2.775703833761331200e-06
2.833701577820122048e-06
2.893532862216404109e-06
2.955198221774489973e-06
3.018737009492264944e-06
3.084315423809118052e-06
3.151939186431001179e-06
3.221703294854269879e-06
3.293699608804844109e-06
3.367924367150391928e-06
3.444487083254035406e-06
3.523365031291986132e-06
3.604588581198737382e-06
3.688227893155348773e-06
3.774387131847963234e-06
3.863199333896269847e-06
3.954785793155972909e-06
4.049208971167132894e-06
4.146426096814124472e-06
4.246447079232316477e-06
4.349388488325398698e-06
4.455452227113771323e-06
4.564784311786458502e-06
4.677443993747858220e-06
4.793340229521206951e-06
4.912573799084946942e-06
5.035291714741707897e-06
5.161695826512004269e-06
5.291887130285914071e-06
5.425952171769096227e-06
5.563923496699141734e-06
5.705947318579107733e-06
5.852132110851486710e-06
6.002618122303524320e-06
6.157487880930031160e-06
6.316951086418768488e-06
6.481204486405201353e-06
6.650269928277395517e-06
6.824183190661599684e-06
7.002942456815221104e-06
7.186573821554537807e-06
7.375448881478656103e-06
7.569848948874137188e-06
7.769949134457661714e-06
7.976035264968702848e-06
8.188227808062929343e-06
8.406636728628447987e-06
8.631345028703113709e-06
8.862415366782340061e-06
9.100009563385473021e-06
9.344070785776290703e-06
9.594730986289434730e-06
9.852355080535260025e-06
1.011707866879964590e-05
1.038893422593185708e-05
1.066815147250439025e-05
1.095501216561393892e-05
1.124984853413472772e-05
1.155280073950858483e-05
1.186389032669044777e-05
1.218344470419852807e-05
1.251185218791023759e-05
1.284964882757221052e-05
1.319728688255989249e-05
1.355512569168005073e-05
1.392317934344767733e-05
1.430164821713984037e-05
1.469083638085132937e-05
1.509108333435346444e-05
1.550241080600648619e-05
1.592465820170926353e-05
1.635776754520991151e-05
1.680200004567969341e-05
1.725752147779715989e-05
1.772459952364907685e-05
1.820348833691572680e-05
1.869431382728003096e-05
1.919775299314151578e-05
1.971372528779297167e-05
2.024230031446170095e-05
2.078284220677483894e-05
2.133515007022570445e-05
2.189965089857022948e-05
2.247743512599870730e-05
2.306966386862294209e-05
2.367676888413721789e-05
2.429891539309264234e-05
2.493711251691623697e-05
2.559207120095149823e-05
2.626454531386243307e-05
2.695476062280282664e-05
2.766222955437791422e-05
2.838672498278569403e-05
2.912913804778186983e-05
2.989021846994964729e-05
3.067025094061982864e-05
3.147001873863266354e-05
3.228958820366969269e-05
3.312772024025510789e-05
3.398386645824991886e-05
3.485718498661993000e-05
3.574825578583424234e-05
3.665728966190219616e-05
3.758428369527001220e-05
3.852947189752934325e-05
3.949582840530613140e-05
4.048545806186523564e-05
4.149733403230849928e-05
4.252891057556344067e-05
4.358048011179072316e-05
4.465242790664970118e-05
4.574448947132517355e-05
4.685646119084178922e-05
4.798869607135877773e-05
4.914359856122554123e-05
5.032591458844809014e-05
5.153810197349364811e-05
5.277635157707815750e-05
5.403802583780096749e-05
5.532412167538603548e-05
5.663465102340234229e-05
5.796681041299510070e-05
5.932229666182201923e-05
6.069792242521158363e-05
6.209294255736222585e-05
6.350939077371120522e-05
6.495100815539874201e-05
6.642026001597827595e-05
6.791543672312176671e-05
6.943438943275066799e-05
7.097618612776525197e-05
7.254174133579347514e-05
7.413277321389292475e-05
7.574715727366891963e-05
7.738061577862112182e-05
7.903506892076639693e-05
8.071162712554294971e-05
8.241124201521264690e-05
8.413220941360399796e-05
8.587221825324728290e-05
8.763305350379359195e-05
8.941703565446537042e-05
9.122369785851093202e-05
9.304960796789827075e-05
9.489186132946785619e-05
9.674801583494751882e-05
9.862096530771738727e-05
1.005085871945397575e-04
1.024097178542406517e-04
1.043243066974721599e-04
1.062519949081181534e-04
1.081945537907070187e-04
1.101513706694141718e-04
1.121199848987301058e-04
1.141002170185320870e-04
1.160887937742380072e-04
1.180839063441216624e-04
1.200840606395417253e-04
1.220885929109638026e-04
1.240968349506552451e-04
1.261073109325949965e-04
1.281190499170659753e-04
1.301299074997764032e-04
1.321375114109931965e-04
1.341405689743692604e-04
1.361374559280887004e-04
1.381277889318489546e-04
1.401107131219919981e-04
1.420848570839318523e-04
1.440473541742874576e-04
1.459961928227054915e-04
1.479289025452822418e-04
1.498438498335613329e-04
1.517395513252859534e-04
1.536154441003372462e-04
1.554707328297979304e-04
1.573031596693376963e-04
1.591106573666630701e-04
1.608905781221844965e-04
1.626412373408594124e-04
1.643604197803738510e-04
1.660476611119993779e-04
1.677021231142861147e-04
1.693227463068591558e-04
1.709078349639973112e-04
1.724565898556378615e-04
1.739683090467293006e-04
1.754422924400423885e-04
1.768778432294054433e-04
1.782746348434546282e-04
1.796317277577993380e-04
1.809478051477313512e-04
1.822218669668121318e-04
1.834542540540272414e-04
1.846467242283050467e-04
1.858006054207871961e-04
1.869175974131821153e-04
1.879979795104681198e-04
1.890417504346137909e-04
1.900489212065011437e-04
1.910212174501501844e-04
1.919600771552862004e-04
1.928674262896337688e-04
1.937448138672489108e-04
1.945944584516929774e-04
1.954199244677701382e-04
1.962256214830694742e-04
1.970157755127118111e-04
1.977937229833322545e-04
1.985623373148021488e-04
1.993289165195815554e-04
2.001001913004039152e-04
2.008775343893391436e-04
2.016570425555755971e-04
2.024438223096284434e-04
2.032857878868203367e-04
2.041594108464961821e-04
2.050588052934362512e-04
2.059868594506219608e-04
2.069520297698659817e-04
2.079574284237183102e-04
2.089988301227200824e-04
2.100728100193345431e-04
2.111736802373143855e-04
2.122975918604628922e-04
2.134408411204847481e-04
2.145979896809331990e-04
2.157680787810506374e-04
2.169534854504339013e-04
2.181593686474364937e-04
2.193879201268810245e-04
2.206393751729513668e-04
2.219129578169588835e-04
2.232041974337560975e-04
2.245089782984305185e-04
2.258244880749336165e-04
2.271486373648832710e-04
2.284785911220508072e-04
2.298112908098808548e-04
2.311445652060731010e-04
2.324783801463913544e-04
2.338116297159506638e-04
2.351403053198239770e-04
2.364594528062154361e-04
2.377642918135049015e-04
2.390513463896316035e-04
2.403203909528558665e-04
2.415730678861633513e-04
2.428070968546847488e-04
2.440200372463472399e-04
2.452113873536622283e-04
2.463811518949601495e-04
2.475262274012350779e-04
2.486420630268709221e-04
2.497250817469454879e-04
2.507729149260929670e-04
2.517833575761094537e-04
2.527533267923542286e-04
2.536828174183659878e-04
2.545716707627050765e-04
2.554140593429477424e-04
2.562105587276235089e-04
2.569624786438774733e-04
2.576678434698623666e-04
2.583244462044689241e-04
2.589301829745787285e-04
2.594811449453832694e-04
2.599741389976299765e-04
2.604112160427664107e-04
2.607937862018538857e-04
2.611206554013294472e-04
2.613908310475885634e-04
2.616052164343591366e-04
2.617626757651929001e-04
2.618609630985287064e-04
2.618996322197736652e-04
2.618797807628077770e-04
2.618037386008849484e-04
2.616728540526724531e-04
2.614884753848044255e-04
2.612514910423681673e-04
2.609634082956813509e-04
2.606242027769842674e-04
2.602343675263011431e-04
2.597934481392039931e-04
2.593010986600202878e-04
2.587581481077072965e-04
2.581647531263906955e-04
2.575238768834927456e-04
2.568382208626301152e-04
2.561104703290943414e-04
2.553433367795876138e-04
2.545376023166378556e-04
2.536937077642693775e-04
2.528116764018408175e-04
2.518922086043883543e-04
2.509355812018714427e-04
2.499418550410669728e-04
2.489148499007761491e-04
2.478567185293865092e-04
2.467697251863875925e-04
2.456585117859202820e-04
2.445240693883369057e-04
2.433715473315726000e-04
2.422041303816660626e-04
2.410220381515182917e-04
2.398310200923606922e-04
2.386312221371942720e-04
2.374268037166351014e-04
2.362249713658527912e-04
2.350215925459572049e-04
2.338290642525139948e-04
2.326513200126529928e-04
2.314867872920377278e-04
2.303609614864194635e-04
2.292685570629496435e-04
2.282330066463781042e-04
2.272895057478410794e-04
2.264477187412074015e-04
2.258583638983598281e-04
2.255314032966959040e-04
2.253320444136664195e-04
2.252773560916978678e-04
2.252814955416878435e-04
2.253675255799729340e-04
2.255416863120289646e-04
2.257225492510728509e-04
2.260189088507612006e-04
2.263402926953327109e-04
2.266755764061296346e-04
2.271327681883114440e-04
2.275686272954295089e-04
2.280790110846035680e-04
2.286488801229917902e-04
2.292064554422623549e-04
2.298737545464860424e-04
2.305465444801937990e-04
2.312468195892708554e-04
2.320397274809663825e-04
2.328197873201598542e-04
2.336796504110546960e-04
2.345930446564840042e-04
2.355051266105109235e-04
2.365400163252444961e-04
2.375847657374880058e-04
2.386710803180269475e-04
2.398632639151675964e-04
2.410427165962622422e-04
2.423163683126299222e-04
2.436268144296403065e-04
2.448998150864434092e-04
2.461261615514534159e-04
2.473021498085375622e-04
2.484259473642533235e-04
2.495045290485100264e-04
2.505304605679571466e-04
2.514945183679893220e-04
2.524038127468716504e-04
2.532579194130859797e-04
2.540638791432571725e-04
2.548080069108245370e-04
2.554978092168159890e-04
2.561334274915023435e-04
2.567152747988887471e-04
2.572496770359513664e-04
2.577338082538061762e-04
2.581480036766143878e-04
2.585140478395459625e-04
2.588433003095113368e-04
2.591268852898440220e-04
2.593666640141161221e-04
2.595647023592474192e-04
2.597227851210052009e-04
2.598425138352775869e-04
2.599257336742390265e-04
2.599747558327368405e-04
2.599921056039814111e-04
2.599807254518959714e-04
2.599433910140540901e-04
2.598826547806487716e-04
2.598009105143173980e-04
2.597006545503105696e-04
2.595846244532425736e-04
2.594557022443461851e-04
2.593169040000188803e-04
2.591713020419826141e-04
2.590218553290076658e-04
2.589749045528682951e-04
2.588284032041161548e-04
2.586862130027111142e-04
2.585515835746660606e-04
2.584275462298575533e-04
2.583167946736296058e-04
2.582220301186881513e-04
