1.107259814099456481e-07
1.107295770101456419e-07
1.107281106412271676e-07
1.107262869713260062e-07
1.107233806905461053e-07
1.107212808172183132e-07
1.107555915762915327e-07
1.107685697104267052e-07
1.107562935477176757e-07
1.107705556763567813e-07
1.107143041435485783e-07
1.107343047047423260e-07
1.106913440248878650e-07
1.106787398451757092e-07
1.106643031675878954e-07
1.106507612232286206e-07
1.106431643669325084e-07
1.106353375149538417e-07
1.106195381041862293e-07
1.106113238004685326e-07
1.106004257007183065e-07
1.105899230862739568e-07
1.105796229558886256e-07
1.105712139028484047e-07
1.105616802297845520e-07
1.105549696970286729e-07
1.105521423984840909e-07
1.105516522542604223e-07
1.105557979719893178e-07
1.105638580221436756e-07
1.105740218696579564e-07
1.105867750057913105e-07
1.106033765357285549e-07
1.106241340634926449e-07
1.106489953461227908e-07
1.106793365684298837e-07
1.107146270543651348e-07
1.107546873317225777e-07
1.108013069278125990e-07
1.108545491054596791e-07
1.109150411033448627e-07
1.109838808798126702e-07
1.110614139034518865e-07
1.111477221749090953e-07
1.112382485892057460e-07
1.113378923026562998e-07
1.114457915972001960e-07
1.115622469023972796e-07
1.116867772909146283e-07
1.118201135259183805e-07
1.119622434817724500e-07
1.121129549887184360e-07
1.122719607862321033e-07
1.124393878098845367e-07
1.126143476594343598e-07
1.127969264181306779e-07
1.129872676785160537e-07
1.131846798827527412e-07
1.133884639731863895e-07
1.135986482882576508e-07
1.138154889817580775e-07
1.140371369720319230e-07
1.142637194378580349e-07
1.144943491318686450e-07
1.147277795753851788e-07
1.149633485569167780e-07
1.151997414445929689e-07
1.154369857431785835e-07
1.156754427495198778e-07
1.159132581170061633e-07
1.161510024716533688e-07
1.163863070785971758e-07
1.166194440222305016e-07
1.168496799760695140e-07
1.170764904315221125e-07
1.172988756252379857e-07
1.175161067142717218e-07
1.177274141757350362e-07
1.179332011764601794e-07
1.181316171839156705e-07
1.183232094209411466e-07
1.185072588391339281e-07
1.186833642509006765e-07
1.188503766776868243e-07
1.190065879324352151e-07
1.191505092183635040e-07
1.192822549585309023e-07
1.194016262845858841e-07
1.195097656437324244e-07
1.196073518947850877e-07
1.196938373078079124e-07
1.197688247240472991e-07
1.198315928959368837e-07
1.198811793038728588e-07
1.199185796840296471e-07
1.199430028959415938e-07
1.199544915440511126e-07
1.199528893918533331e-07
1.199380055611704879e-07
1.199107098595365274e-07
1.198713949132926836e-07
1.198192110800772973e-07
1.197553863346850579e-07
1.196788699242624174e-07
1.195902760914086155e-07
1.194889906879649861e-07
1.193760575813177767e-07
1.192525925824537009e-07
1.191187855788582369e-07
1.189748390075945139e-07
1.188208439485570345e-07
1.186571061238654551e-07
1.184835639184558576e-07
1.183004348485510221e-07
1.181082705382990874e-07
1.179068485128067457e-07
1.176996640260805023e-07
1.174853266102417775e-07
1.172641717810959407e-07
1.170356845660928396e-07
1.168014155186732118e-07
1.165604950394835559e-07
1.163144424481483973e-07
1.160637972466030590e-07
1.158057224910610734e-07
1.155478323083405825e-07
1.152868684330124835e-07
1.150236354409542724e-07
1.147585020620974500e-07
1.144928648060895728e-07
1.142260871102468880e-07
1.139617387691949481e-07
1.136926895132645323e-07
1.134227650341832624e-07
1.131534289697448453e-07
1.128841207345608474e-07
1.126159237135107293e-07
1.123515127236351782e-07
1.120891667794045516e-07
1.118300718422123328e-07
1.115745047426228145e-07
1.113250118781010035e-07
1.110807377765005529e-07
1.108418983111245799e-07
1.106087199081989643e-07
1.103823598010753820e-07
1.101629213586793803e-07
1.099505583806473961e-07
1.097454966919659443e-07
1.095483073094210806e-07
1.093598898775782149e-07
1.091797369680971537e-07
1.090085268504927804e-07
1.088473687563538947e-07
1.086972922875863179e-07
1.085569298538527183e-07
1.084411447605668754e-07
1.083252535575321771e-07
1.082210689250719541e-07
1.081317708174114023e-07
1.080525378969721266e-07
1.079860902304011082e-07
1.079329375088417958e-07
1.078940613269535491e-07
1.078695133751023528e-07
1.078564579629237170e-07
1.078610634172729200e-07
1.078818112449507073e-07
1.079108861328315638e-07
1.079628181271077628e-07
1.080323185520660844e-07
1.081187899685271238e-07
1.082242080195792496e-07
1.083462490243761122e-07
1.084869975248458865e-07
1.086472639323385431e-07
1.088244311719551236e-07
1.090207530390332217e-07
1.092432716810619214e-07
1.094712421935441754e-07
1.097226585320439591e-07
1.099941236996641384e-07
1.102852642773260541e-07
1.105965129682478330e-07
1.109284101496706861e-07
1.112807498041253734e-07
1.116528861821874934e-07
1.120455940580131336e-07
1.124595806977306990e-07
1.128951513032195289e-07
1.133532827646740675e-07
1.138337195939846454e-07
1.143352697391755644e-07
1.148545368870575596e-07
1.153937589882830000e-07
1.159476360178187576e-07
1.165120576953230065e-07
1.170818981251291231e-07
1.176573079248563306e-07
1.182336873544891395e-07
1.188064978102961372e-07
1.193717713626704259e-07
1.199270677491152675e-07
1.204741000878702081e-07
1.210100034652100101e-07
1.215358506927169337e-07
1.220572941665388801e-07
1.225698242783255124e-07
1.230743723201828284e-07
1.235732306351665331e-07
1.240675896739909331e-07
1.245598779221215731e-07
1.250516012830772287e-07
1.255443418040137009e-07
1.260398254232328064e-07
1.265396701836241310e-07
1.270463195592981090e-07
1.275601990835167531e-07
1.280817144108823319e-07
1.286155192811074916e-07
1.291552487295137900e-07
1.297049516564930082e-07
1.302642451133322106e-07
1.308352715410948346e-07
1.314155271195015209e-07
1.320104089535351377e-07
1.326197728541507496e-07
1.332443948910789501e-07
1.338854284989210157e-07
1.345434999989872957e-07
1.352190470231935883e-07
1.359128789369060960e-07
1.366258593959064157e-07
1.373588081780677108e-07
1.381124520236849848e-07
1.388875361968815361e-07
1.396846910250219494e-07
1.405044094551036558e-07
1.413471708386611743e-07
1.422133737806436504e-07
1.431033114606381136e-07
1.440171806628020136e-07
1.449552842324647922e-07
1.459180091297086993e-07
1.469057793570120236e-07
1.479189729997351407e-07
1.489579712210563857e-07
1.500231045804408939e-07
1.511146473780479338e-07
1.522328494630619196e-07
1.533778672682507611e-07
1.545498489449129731e-07
1.557489320717461444e-07
1.569751794439476514e-07
1.582286054533911438e-07
1.595092098743855135e-07
1.608170398323539317e-07
1.621520194334525120e-07
1.635139875639319279e-07
1.649028503894128521e-07
1.663185059205582919e-07
1.677607615649284611e-07
1.692294966543091410e-07
1.707246160799419887e-07
1.722459692106228812e-07
1.737933550047028764e-07
1.753665622765626470e-07
1.769654361857439923e-07
1.785897832445544989e-07
1.802393970500894399e-07
1.819140314964230911e-07
1.836134019470778780e-07
1.853372555094118207e-07
1.870853625101182606e-07
1.888574820341462636e-07
1.906533265528469413e-07
1.924726173393162034e-07
1.943151618177274916e-07
1.961806876394698307e-07
1.980689453806875603e-07
1.999796685677771775e-07
2.019127213031184263e-07
2.038678686409508441e-07
2.058448728335870008e-07
2.078436162396276075e-07
2.098639639628458337e-07
2.119057398114336857e-07
2.139689156573982162e-07
2.160533945802577324e-07
2.181591115739301960e-07
2.202860583503506841e-07
2.224342618443992428e-07
2.246037002544500086e-07
2.267943502826143807e-07
2.290062016841225915e-07
2.312393537798847878e-07
2.334937860116459925e-07
2.357694673831172356e-07
2.380664157416266906e-07
2.403846475577912150e-07
2.427242233978996150e-07
2.450853576051063865e-07
2.474683126010290589e-07
2.498732775670834520e-07
2.523005228585056813e-07
2.547501208862837526e-07
2.572221942747981752e-07
2.597169570016470804e-07
2.622346509103143217e-07
2.647755628857630662e-07
2.673398359532346205e-07
2.699275937238711665e-07
2.725389859688106636e-07
2.751740749551190663e-07
2.778328331257966218e-07
2.805152030496167973e-07
2.832213051246853542e-07
2.859513979940876887e-07
2.887057523087220604e-07
2.914845868798474532e-07
2.942882610476025783e-07
2.971169790154538013e-07
2.999708035551353417e-07
3.028497570396791598e-07
3.057540921316567817e-07
3.086840060580278004e-07
3.116398755390184950e-07
3.146217860432712748e-07
3.176299619216154524e-07
3.206646463834893289e-07
3.237260676241251377e-07
3.268143405198894140e-07
3.299296596153400787e-07
3.330721532317230999e-07
3.362416981041193187e-07
3.394385253464080705e-07
3.426629833657077394e-07
3.459152098964085108e-07
3.491952433425036808e-07
3.525030981475727021e-07
3.558386945322927782e-07
3.592020421456002879e-07
3.625931923517392240e-07
3.660122576236133047e-07
3.694592865456419801e-07
3.729343632840565647e-07
3.764372935823816605e-07
3.799681885696249704e-07
3.835270465073304617e-07
3.871139804782853212e-07
3.907289841488279497e-07
3.943719084975246966e-07
3.980423979953210425e-07
4.017403230833648270e-07
4.054657183898892874e-07
4.092190278068429000e-07
4.130004743090334903e-07
4.168103574452138142e-07
4.206479832819738671e-07
4.245122099727469306e-07
4.284022041640214707e-07
4.323180356017780133e-07
4.362604925195341184e-07
4.402303515137049103e-07
4.442280400055811914e-07
4.482537280430167577e-07
4.523072185663852809e-07
4.563887906842629442e-07
4.604989889830242020e-07
4.646379716684298120e-07
4.688055757793598483e-07
4.730014087823583678e-07
4.772254865745977992e-07
4.814781250169217284e-07
4.857592240099668986e-07
4.900691149132450453e-07
4.944078360876463403e-07
4.987760697319155626e-07
5.031743848227133009e-07
5.076025686881723585e-07
5.120604982385129377e-07
5.165483479860815473e-07
5.210660245808841538e-07
5.256138893504038505e-07
5.301921503693798736e-07
5.348010750742187537e-07
5.394408830172482827e-07
5.441116262789346616e-07
5.488137436567789985e-07
5.535475489468519448e-07
5.583132734776534089e-07
5.631109639627656169e-07
5.679405367492422268e-07
5.728021470617786657e-07
5.776963612269788096e-07
5.826229774077628896e-07
5.875825229603900046e-07
5.925749411333563329e-07
5.976005174571181387e-07
6.026595318715689679e-07
6.077521867089974021e-07
6.128789310731184313e-07
6.180400356864053401e-07
6.232357939367683058e-07
6.284662867040439285e-07
6.337321099821288508e-07
6.390338376330267587e-07
6.443713994085765444e-07
6.497447536150188999e-07
6.551538250651017796e-07
6.605987325620773314e-07
6.660801304381592260e-07
6.715984184479433525e-07
6.771536897930663474e-07
6.827462065599695084e-07
6.883762753908461624e-07
6.940441602694815624e-07
6.997496775830956235e-07
7.054930580245181909e-07
7.112742397019492402e-07
7.170933846471344598e-07
7.229508792545209176e-07
7.288471241468833098e-07
7.347827571948197628e-07
7.407581316753214954e-07
7.467735165900731729e-07
7.528288132896002809e-07
7.589242589415869801e-07
7.650597527955359878e-07
7.712358024461229174e-07
7.774527046837617666e-07
7.837109514592314359e-07
7.900109368162175961e-07
7.963522276827944623e-07
8.027354555702253634e-07
8.091603526131946598e-07
8.156277907049212356e-07
8.221383876247522854e-07
8.286927491074203582e-07
8.352908741952218289e-07
8.419324667662358188e-07
8.486179613660004483e-07
8.553478386402121567e-07
8.621227673947252664e-07
8.689429368635488790e-07
8.758082700334850949e-07
8.827187833294999308e-07
8.896754561289638803e-07
8.966803242387415471e-07
9.037353475337130517e-07
9.108439831389745133e-07
9.180096373539787276e-07
9.252343795465224231e-07
9.325189029303726537e-07
9.398627570636280515e-07
9.472655133638563040e-07
9.547265795458995043e-07
9.622432880420464856e-07
9.698127710172164409e-07
9.774340746708237235e-07
9.851056597498013874e-07
9.928282863207630722e-07
1.000600952377643564e-06
1.008421778836007507e-06
1.016290029877568752e-06
1.024206643017524195e-06
1.032172281196841960e-06
1.040190935230858674e-06
1.048266183320258525e-06
1.056401626492947267e-06
1.064599440953915400e-06
1.072861007692451168e-06
1.081187565920180612e-06
1.089578566096280626e-06
1.098033429446980918e-06
1.106550908354101201e-06
1.115129627016386412e-06
1.123770523849527090e-06
1.132472409867382417e-06
1.141237704321818895e-06
1.150065844764323554e-06
1.158957789489234289e-06
1.167913760634435315e-06
1.176933623923621883e-06
1.186016882201293986e-06
1.195164448257512420e-06
1.204378063570311522e-06
1.213661847240218232e-06
1.223016521898563131e-06
1.232443037944168987e-06
1.241941008482107879e-06
1.251510072999735529e-06
1.261148380671669215e-06
1.270855034907797527e-06
1.280632498914449155e-06
1.290480228688930680e-06
1.300399575359391333e-06
1.310390022966253255e-06
1.320453497910474737e-06
1.330592178896725424e-06
1.340804941185881981e-06
1.351092554334750343e-06
1.361458989911292468e-06
1.371908191283954994e-06
1.382440065650128764e-06
1.393055983703136815e-06
1.403755501811453808e-06
1.414544137557903212e-06
1.425421218285723099e-06
1.436386945813234952e-06
1.447444106650076202e-06
1.458598678129460059e-06
1.469850076523331743e-06
1.481205251304630733e-06
1.492663388137777196e-06
1.504229839343652558e-06
1.515903681148818898e-06
1.527687876881380624e-06
1.539584131116359857e-06
1.551588146585381171e-06
1.563698278436015140e-06
1.575913744648870340e-06
1.588231232831064997e-06
1.600658904916009576e-06
1.613201577392738866e-06
1.625864557313756080e-06
1.638653597914644173e-06
1.651574556983864153e-06
1.664632489194167401e-06
1.677833677943450636e-06
1.691179979766074925e-06
1.704672326821778393e-06
1.718316388985471453e-06
1.732110949499314611e-06
1.746058991467367686e-06
1.760154254619486620e-06
1.774398388952314467e-06
1.788794533620849843e-06
1.803345876374173132e-06
1.818044952513327175e-06
1.832896518589409494e-06
1.847900810357953685e-06
1.863070407088184508e-06
1.878403894274981228e-06
1.893912392051697641e-06
1.909607565887703783e-06
1.925488851619894637e-06
1.941554957161425580e-06
1.957801765800477123e-06
1.974234710656067255e-06
1.990852397245505170e-06
2.007656127885909270e-06
2.024654770659949104e-06
2.041855293783943623e-06
2.059283689422368257e-06
2.076947571235626622e-06
2.094866623928574476e-06
2.113032518486450113e-06
2.131446788713054291e-06
2.150110287207741722e-06
2.169020643210776452e-06
2.188174363126313719e-06
2.207578288555959242e-06
2.227221426488494111e-06
2.247129763543417924e-06
2.267285971561786468e-06
2.287714527069327529e-06
2.308420567256390903e-06
2.329399258700561200e-06
2.350692728955337211e-06
2.372317261133347094e-06
2.394262969449470328e-06
2.416540024147380338e-06
2.439173685884288868e-06
2.462168044251839018e-06
2.485518868593228850e-06
2.509239135066876454e-06
2.533363302241132739e-06
2.557902952377613869e-06
2.582827936401476442e-06
2.608165323607230683e-06
2.633934425114609208e-06
2.660147522819796145e-06
2.686808832148102554e-06
2.713895152921530089e-06
2.741444521500862604e-06
2.769455958353147968e-06
2.797981387698673929e-06
2.827035922982725791e-06
2.856658133237077920e-06
2.886828322091775250e-06
2.917563102375653617e-06
2.948846535769930048e-06
2.980740745336521952e-06
3.013266134090573856e-06
3.046470321215381620e-06
3.080362308006520715e-06
3.114926740738197300e-06
3.150201384142935826e-06
3.186195648240230798e-06
3.222948075927736231e-06
3.260484603407300986e-06
3.298820152556036807e-06
3.337974024510605712e-06
3.377985967163577008e-06
3.418879412391055905e-06
3.460701869933334239e-06
3.503477050280229808e-06
3.547243358624280696e-06
3.591999418698135444e-06
3.637787900991265159e-06
3.684646679680137254e-06
3.732660032746719395e-06
3.781879156956827412e-06
3.832358254324854406e-06
3.884085214585406225e-06
3.937063400534923511e-06
3.991356485141249556e-06
4.046994768874499726e-06
4.104028566586955375e-06
4.162530257354234602e-06
4.222599396466060350e-06
4.284260999991082210e-06
4.347521084894667668e-06
4.412384660616978096e-06
4.478881144696876673e-06
4.547003013087765812e-06
4.616797804466285361e-06
4.688371558932357362e-06
4.761803053288421330e-06
4.837109499239920041e-06
4.914311826386183520e-06
4.993463889702400702e-06
5.074562839730255970e-06
5.157625920602904894e-06
5.242665090879856325e-06
5.329717825253265975e-06
5.418898426252603772e-06
5.510321664014550563e-06
5.604056898382201998e-06
5.700136012726337998e-06
5.798600181003153051e-06
5.899507118558972923e-06
6.002940671396795539e-06
6.109003715221527392e-06
6.217809918041282457e-06
6.329408824224061971e-06
6.443856066336006028e-06
6.561263322651926436e-06
6.681627412465881275e-06
6.804970346996665412e-06
6.931352738928877199e-06
7.060841989021062292e-06
7.193585968112460526e-06
7.329711973275743546e-06
7.469276248951986285e-06
7.612427709305463573e-06
7.759342666177394910e-06
7.910137209265061660e-06
8.064960747894160046e-06
8.223999117739734654e-06
8.387280221746763173e-06
8.554825073796259703e-06
8.726775799094979515e-06
8.903166895495827281e-06
9.084105909762549169e-06
9.269721103463066510e-06
9.460342372795994814e-06
9.656213705961906742e-06
9.857368704658957574e-06
1.006387510956749823e-05
1.027577847658156372e-05
1.049314119682783272e-05
1.071597954299183925e-05
1.094439918478341250e-05
1.117848512406333057e-05
1.141842080784032318e-05
1.166430478171994640e-05
1.191625243597995538e-05
1.217441761758974639e-05
1.243868120817922924e-05
1.270874028991137855e-05
1.298436411949421970e-05
1.326538640171373896e-05
1.355216742346318527e-05
1.384508753791780066e-05
1.414478437702029920e-05
1.445173403072102329e-05
1.476537553742713563e-05
1.508534002496987786e-05
1.541179417158743229e-05
1.574487805560216200e-05
1.608496233002600019e-05
1.643225501924077227e-05
1.678684833164627516e-05
1.714871625356128237e-05
1.751832776783588015e-05
1.789621926870699456e-05
1.828307034061163222e-05
1.867871460395208549e-05
1.908318211352025813e-05
1.949620793782045315e-05
1.991684468474145403e-05
2.034546953487867903e-05
2.078303497333191285e-05
2.122992960926492137e-05
2.168511515012454288e-05
2.214779387054654372e-05
2.261743089419484057e-05
2.309390019273907006e-05
2.357745677322424667e-05
2.406816907216383889e-05
2.456646938740246621e-05
2.507281276335392311e-05
2.558729340455561296e-05
2.610993320182846528e-05
2.664002413637499609e-05
2.717804217997875788e-05
2.772454177227123834e-05
2.827921458070552102e-05
2.884234836181802922e-05
2.941423341231484302e-05
2.999365966422257811e-05
3.058004072457574544e-05
3.117363802165319089e-05
3.177460318783955159e-05
3.238357191894051515e-05
3.299923651504091713e-05
3.361964632210776976e-05
3.424481716837198377e-05
3.487432013075115046e-05
3.550919010666476664e-05
3.614887318793713763e-05
3.679373441483899321e-05
3.744396948753118970e-05
3.809948546462145350e-05
3.876060972254276755e-05
3.942611508509800484e-05
4.009441395909855960e-05
4.076634143089610433e-05
4.144165014689903673e-05
4.211935332237737198e-05
4.279942514905937806e-05
4.348167098528247875e-05
4.416503065936580830e-05
4.484792636085682422e-05
4.553032262728493355e-05
4.621171692744073512e-05
4.689186198025221302e-05
4.757031331983568672e-05
4.824778360679930853e-05
4.892517794595518840e-05
4.959973829211396495e-05
5.026916963158520937e-05
5.093332051655720556e-05
5.159248038136579980e-05
5.224646199124215163e-05
5.289380745700785565e-05
5.353312010724263021e-05
5.416536794012546420e-05
5.479102720844508938e-05
5.540995519848585053e-05
5.602075921152135750e-05
5.662313037732712878e-05
5.721683425241223071e-05
5.780090789631187737e-05
5.837499272844004126e-05
5.893863926067408981e-05
5.949147577281780030e-05
6.003318648348216586e-05
6.056313388434727597e-05
6.108103471858933851e-05
6.158725630461986693e-05
6.208262319667000209e-05
6.256714410615630119e-05
6.304156379561969578e-05
6.350778960606519796e-05
6.396715193454298291e-05
6.441916098564521892e-05
6.486298741165812413e-05
6.529851506198626346e-05
6.572768307421125115e-05
6.615483866603659186e-05
6.659120292224553509e-05
6.705225543372651928e-05
6.755199561097481175e-05
6.806243864780240705e-05
6.859229164748102366e-05
6.914594057454617596e-05
6.971992612990845464e-05
7.031494842231836035e-05
7.093603277294317257e-05
7.158375062726109487e-05
7.226143462367310213e-05
7.296714969458766617e-05
7.369036576563759333e-05
7.443467112622628777e-05
7.522151671959190905e-05
7.604290274459469569e-05
7.688945864519036418e-05
7.776243358394792533e-05
7.869165566692905777e-05
7.966105085159099950e-05
8.066571129286088861e-05
8.170822248362776419e-05
8.279718322277178019e-05
8.395393515014547194e-05
8.514474594124095581e-05
8.637374339266174037e-05
8.764582952591493678e-05
8.895797897236220968e-05
9.030097938991453173e-05
9.167757030002649248e-05
9.310064491448200605e-05
9.457475994706696478e-05
9.609308375836622619e-05
9.764461483475292294e-05
9.922542372234746460e-05
1.008338343296267235e-04
1.024656153864472063e-04
1.041292083114988610e-04
1.058280545832819493e-04
1.075569840049885056e-04
1.093125907442835278e-04
1.110866855193858585e-04
1.128747352535422173e-04
1.146754268822254867e-04
1.164863715035338912e-04
1.183045869613854044e-04
1.201318668554383342e-04
1.219659209990246599e-04
1.238011288614240704e-04
1.256333238292173693e-04
1.274587227784596943e-04
1.292742125273287665e-04
1.310763661681566580e-04
1.328607438175762425e-04
1.346235597382207546e-04
1.363591121934957726e-04
1.380634891760804030e-04
1.397344416487279794e-04
1.413667445445460807e-04
1.429561726946853119e-04
1.445013102066578642e-04
1.459982589304029371e-04
1.474437101016864136e-04
1.488338278783297899e-04
1.501646922684164948e-04
1.514324207379837963e-04
1.526320251104804114e-04
1.537601285370274488e-04
1.548130826232035364e-04
1.557876107600929770e-04
1.566811113659262325e-04
1.574918623696427641e-04
1.582186120513698812e-04
1.588593097990419884e-04
1.594120342949082196e-04
1.598757944947663324e-04
1.602498229821292799e-04
1.605324884529970577e-04
1.607222171790535466e-04
1.608177408224182778e-04
1.608186788501311012e-04
1.607246664121779109e-04
1.605360986554870144e-04
1.602546284108857745e-04
1.598820047462376894e-04
1.594194059752168224e-04
1.588680252807950601e-04
1.582294628068361140e-04
1.575056299350496023e-04
1.567010065369395851e-04
1.558187670652220005e-04
1.548649236939614337e-04
1.538454289397078376e-04
1.527637337126088314e-04
1.516286558061355038e-04
1.504463297604011847e-04
1.492260460340537635e-04
1.479821803974189882e-04
1.467205618277540294e-04
1.454614282727110456e-04
1.442200087483301563e-04
1.430073888468692356e-04
1.418581938961936391e-04
1.407773872187768427e-04
1.397934006277819609e-04
1.389353405354815107e-04
1.381925362680030479e-04
1.376131190177246023e-04
1.371812142726309698e-04
1.368963406362201163e-04
1.367759076372985214e-04
1.367513220964529223e-04
1.368388642847990773e-04
1.370256533661888261e-04
1.372848165825888420e-04
1.376452473867516150e-04
1.380822590679666069e-04
1.386064760362201481e-04
1.392437344662466323e-04
1.399903719626681517e-04
1.408935795643711934e-04
1.419274928679486547e-04
1.430489295797918886e-04
1.442685007167064551e-04
1.455455965696252052e-04
1.468826258973018764e-04
1.482895871247369738e-04
1.497261220201678508e-04
1.512211810551633150e-04
1.527447896598446069e-04
1.542852015939212887e-04
1.558699312582230911e-04
1.574561340480885386e-04
1.590579385019080696e-04
1.606731592499838711e-04
1.622844949953372335e-04
1.639060611180989029e-04
1.655226774958556187e-04
1.671311349441929417e-04
1.687325967154017507e-04
1.703139867272170853e-04
1.718785189045337724e-04
1.734232007349619062e-04
1.749399866500330370e-04
1.764398247516399713e-04
1.779172352041675142e-04
1.793540651690633738e-04
1.807720319608159348e-04
1.821459180217339740e-04
1.834843124820296795e-04
1.847766142256323726e-04
1.860059092202255495e-04
1.871825799720017777e-04
1.882859804329332486e-04
1.893283081629013661e-04
1.903009960595586358e-04
1.912009089493153769e-04
1.920366733660026351e-04
1.927933816762316039e-04
1.934827520599964742e-04
1.940947475467194204e-04
1.946321516092240113e-04
1.951026020649665699e-04
1.954969922984342307e-04
1.958264933220359367e-04
1.960824853259987739e-04
1.962692598343690822e-04
1.963941495330430019e-04
1.964536726935709019e-04
1.964582013976722160e-04
1.964135295885016241e-04
1.963314951016606794e-04
1.961975904070540353e-04
1.960022743751517742e-04
1.957491862967143822e-04
1.954307055654384763e-04
1.950494427260658051e-04
1.946069464501287455e-04
1.941136006894521890e-04
1.935593344918472194e-04
1.929272007290742767e-04
1.922313816809463529e-04
1.914776489294599824e-04
1.906980570130492256e-04
1.898315515936825734e-04
1.889012513761706923e-04
1.879237533465679040e-04
1.869081207531507580e-04
1.858303255227218163e-04
1.847089013538100383e-04
1.835655024577018102e-04
1.823920384342433347e-04
1.811849419208875112e-04
1.799492796755486649e-04
1.786895401931238713e-04
1.774092063897569102e-04
1.761148224296114754e-04
1.748123902725857255e-04
1.735088324569492458e-04
1.722120286064671407e-04
1.709269499374161457e-04
1.696602089452090337e-04
1.684174468224679114e-04
1.672031114403831715e-04
1.660229613706143458e-04
1.648801295370896935e-04
1.637793494703420065e-04
1.627257282526876577e-04
1.617235866984099437e-04
1.607793644981495994e-04
1.598981217179593940e-04
1.591640779547110146e-04
1.584258017145985054e-04
1.577638766162316446e-04
1.571861854209859069e-04
1.567025416006148793e-04
1.563297661803152107e-04
1.560751646102202968e-04
