1.107241087990710838e-07
1.107289122952606342e-07
1.107271205932674561e-07
1.107246440911318905e-07
1.107208565773566453e-07
1.107164256451123133e-07
1.107319839275985718e-07
1.107377098312761213e-07
1.107156469291866826e-07
1.107302739241024077e-07
1.106915298713145578e-07
1.106964740166800768e-07
1.106669387060420047e-07
1.106519025801819991e-07
1.106359769096583988e-07
1.106192830149230400e-07
1.106074601694850261e-07
1.105958481261169567e-07
1.105793827358453242e-07
1.105674888175764071e-07
1.105544052248552838e-07
1.105421772047522867e-07
1.105297836407292235e-07
1.105191602406314425e-07
1.105084900077666337e-07
1.105011026841596461e-07
1.104970725264549152e-07
1.104975472898392020e-07
1.105036352283698309e-07
1.105148576537590387e-07
1.105288873647052923e-07
1.105462037703671858e-07
1.105674795515363357e-07
1.105940327924949851e-07
1.106269437981190514e-07
1.106661091899411610e-07
1.107102114876138799e-07
1.107596862048501865e-07
1.108165587984350179e-07
1.108814670180294126e-07
1.109551968681198982e-07
1.110385711573164363e-07
1.111317281092232026e-07
1.112324893157229682e-07
1.113406435639137922e-07
1.114564604865912750e-07
1.115800857030130085e-07
1.117114851830153774e-07
1.118515345645932570e-07
1.120001272485389959e-07
1.121564509737034883e-07
1.123200344972463177e-07
1.124901374976977306e-07
1.126664726452466732e-07
1.128484085618570744e-07
1.130355919550355169e-07
1.132276269571503999e-07
1.134236593590963135e-07
1.136227289009376380e-07
1.138245204679310244e-07
1.140289863460521710e-07
1.142337745677547395e-07
1.144386465741433727e-07
1.146424214004612628e-07
1.148440174359738812e-07
1.150424826444780214e-07
1.152363320193780098e-07
1.154249119093566631e-07
1.156073642875869368e-07
1.157839510526174557e-07
1.159542442128047251e-07
1.161163979831788191e-07
1.162702092259897125e-07
1.164144325377652881e-07
1.165487676154319003e-07
1.166729117604219457e-07
1.167853885315606623e-07
1.168849834697973566e-07
1.169725298233871458e-07
1.170468801844680171e-07
1.171081452966174274e-07
1.171550707991540211e-07
1.171872401291680903e-07
1.172050250870866810e-07
1.172084233290874132e-07
1.171963193435202123e-07
1.171690154892469947e-07
1.171261337893114557e-07
1.170677626978310020e-07
1.169935709964136898e-07
1.169034758678798447e-07
1.167982651744758366e-07
1.166779275465117928e-07
1.165417866782546877e-07
1.163915083348978911e-07
1.162262937872688721e-07
1.160464780494430395e-07
1.158522505739265271e-07
1.156437844368032413e-07
1.154224095974857657e-07
1.151886196342469627e-07
1.149420185451987753e-07
1.146843540923285601e-07
1.144146086603221661e-07
1.141337962042874154e-07
1.138414077429408309e-07
1.135387674706696963e-07
1.132274008317082755e-07
1.129078955222573515e-07
1.125809803159981092e-07
1.122468343842881734e-07
1.119061374468027762e-07
1.115590588966790689e-07
1.112062085227081843e-07
1.108484089375268623e-07
1.104855335353393554e-07
1.101212269003012576e-07
1.097538997838361190e-07
1.093839970469858020e-07
1.090114680665473150e-07
1.086376607476605314e-07
1.082625097141939616e-07
1.078877807648899575e-07
1.075143291268052342e-07
1.071413191787620804e-07
1.067729153277357832e-07
1.064079588300612811e-07
1.060474622248259219e-07
1.056917181473959359e-07
1.053420633440887596e-07
1.049979362635077852e-07
1.046649817031541723e-07
1.043330561984601933e-07
1.040074536047719836e-07
1.036892893188048039e-07
1.033790847667363571e-07
1.030773906773535229e-07
1.027872435218695857e-07
1.025063145857655212e-07
1.022369013975912724e-07
1.019782586374634812e-07
1.017346386652358684e-07
1.015046614266879594e-07
1.012889798516250350e-07
1.010875688880361905e-07
1.009012659160586082e-07
1.007301980427733834e-07
1.005747573235049949e-07
1.004351544628354007e-07
1.003121817792150690e-07
1.002068761354541394e-07
1.001184164179180198e-07
1.000476971529235629e-07
9.999579367313490710e-08
9.996286175625426094e-08
9.994812359744813696e-08
9.996600731197500169e-08
9.999551209491813569e-08
1.000467520238717802e-07
1.001219759137742368e-07
1.002180511871512324e-07
1.003372736338338195e-07
1.004793102363937224e-07
1.006462814141607303e-07
1.008381947896236961e-07
1.010538952857745722e-07
1.012952657150726818e-07
1.015645314080526192e-07
1.018581497431268953e-07
1.021816786296065426e-07
1.025344324821239825e-07
1.029171565292697194e-07
1.033292303826081428e-07
1.037707611547001286e-07
1.042436758806731148e-07
1.047485482303560449e-07
1.052852763520710988e-07
1.058564849959080144e-07
1.064670701102411649e-07
1.071033108036331388e-07
1.077830910482922259e-07
1.085025623179133969e-07
1.092646694623445001e-07
1.100751144335116357e-07
1.109502641085190313e-07
1.118789303292831480e-07
1.128548444502617543e-07
1.138746282889349220e-07
1.149369960834716203e-07
1.160389895697743780e-07
1.171694712721254112e-07
1.183191482080364631e-07
1.194835661651602813e-07
1.206594081930323431e-07
1.218447160130634374e-07
1.230360786075174233e-07
1.242312926787096034e-07
1.254281434650664233e-07
1.266287380514518428e-07
1.278307352825667963e-07
1.290342786883038353e-07
1.302377015718786935e-07
1.314404045890591378e-07
1.326453969895324116e-07
1.338512843643866618e-07
1.350598648121960995e-07
1.362785397654463574e-07
1.375033722023859065e-07
1.387362540542960566e-07
1.399846351623744610e-07
1.412517195210422189e-07
1.425329109474661080e-07
1.438307313232822371e-07
1.451462582999160539e-07
1.464803092074944397e-07
1.478347960105148299e-07
1.492122966508988830e-07
1.506135956244489026e-07
1.520390415214644443e-07
1.534904955155442233e-07
1.549671524685089408e-07
1.564692819070548765e-07
1.579957400352864039e-07
1.595474910528474446e-07
1.611268410937443554e-07
1.627312585665889272e-07
1.643672640742954669e-07
1.660344681504001428e-07
1.677335268619473837e-07
1.694647629942193207e-07
1.712286103191952529e-07
1.730252354214955668e-07
1.748550270424489818e-07
1.767183584314329060e-07
1.786156150184267476e-07
1.805471483822966372e-07
1.825133375545109852e-07
1.845144281696646676e-07
1.865505709079702868e-07
1.886217237810562615e-07
1.907276894188707584e-07
1.928682892304236862e-07
1.950432468548358947e-07
1.972522175961697847e-07
1.994947165974987643e-07
2.017703084629545312e-07
2.040785262849741352e-07
2.064187833530993927e-07
2.087903350847616637e-07
2.111925485419780866e-07
2.136247656473676973e-07
2.160862009726841483e-07
2.185761191168423911e-07
2.210938131307815869e-07
2.236385279992079349e-07
2.262094565083998660e-07
2.288057737845293948e-07
2.314266642132106837e-07
2.340714004646285682e-07
2.367394412135009258e-07
2.394303483656823997e-07
2.421436800104668174e-07
2.448791388223051997e-07
2.476364700896603622e-07
2.504155568293961476e-07
2.532163619783695565e-07
2.560389388398028004e-07
2.588834347251527037e-07
2.617500347924098461e-07
2.646389314595705429e-07
2.675503757977214095e-07
2.704846219395203735e-07
2.734419784590919308e-07
2.764227877667305525e-07
2.794273720267832918e-07
2.824560672112931923e-07
2.855092547382961124e-07
2.885874661563307151e-07
2.916911046498591036e-07
2.948205895258605080e-07
2.979762914787701973e-07
3.011587409637621476e-07
3.043683824572322748e-07
3.076056803801671660e-07
3.108711486114013109e-07
3.141653527711289889e-07
3.174888345051861447e-07
3.208422532836111681e-07
3.242261528196241289e-07
3.276410924135287161e-07
3.310876482937047306e-07
3.345663977526998578e-07
3.380778567916014952e-07
3.416224974749345661e-07
3.452007810108878888e-07
3.488132646178009960e-07
3.524603963770087811e-07
3.561426160415362970e-07
3.598603896305207141e-07
3.636141789438186110e-07
3.674044561184991536e-07
3.712316821683835686e-07
3.750963336287542007e-07
3.789989198160031544e-07
3.829399315746857830e-07
3.869197291357640780e-07
3.909386496350882059e-07
3.949971120380601905e-07
3.990955506334356145e-07
4.032344469332483805e-07
4.074142432342037158e-07
4.116354064227375310e-07
4.158983497102754065e-07
4.202033381721962951e-07
4.245505522904759903e-07
4.289402142727291079e-07
4.333725147857093330e-07
4.378476932752910174e-07
4.423660788575795369e-07
4.469280063915728615e-07
4.515337978875275576e-07
4.561837388467047812e-07
4.608780902600082923e-07
4.656170875086305571e-07
4.704011877415817870e-07
4.752307568455066374e-07
4.801061784866831434e-07
4.850275379089203063e-07
4.899949851220405995e-07
4.950087664240195654e-07
5.000691671961543543e-07
5.051763499718119305e-07
5.103305138809488338e-07
5.155318006356155645e-07
5.207803152084222106e-07
5.260763297630564408e-07
5.314202847995804687e-07
5.368123764468397280e-07
5.422527672763415943e-07
5.477415861669359424e-07
5.532781715581479909e-07
5.588606812272937193e-07
5.644872721500090567e-07
5.701564502873355503e-07
5.758675333222633516e-07
5.816202334007500157e-07
5.874144158130372451e-07
5.932502197169950153e-07
5.991279172821470518e-07
6.050477422013346458e-07
6.110099584268028256e-07
6.170146268595849065e-07
6.230614345482361285e-07
6.291504659727524740e-07
6.352820543220525090e-07
6.414569011818923409e-07
6.476755912557753966e-07
6.539388688509781763e-07
6.602468242576579658e-07
6.665988686814594167e-07
6.729948761443883057e-07
6.794355088028633144e-07
6.859218959992595734e-07
6.924551865386979217e-07
6.990361041474812411e-07
7.056650920457868713e-07
7.123423275554817273e-07
7.190683406402739581e-07
7.258437341585293487e-07
7.326688307709387893e-07
7.395438977632530954e-07
7.464689948847925546e-07
7.534442602173362633e-07
7.604704348454639964e-07
7.675480442499719820e-07
7.746777233244516802e-07
7.818599098035172933e-07
7.890951526368289977e-07
7.963839703528596220e-07
8.037261942140427597e-07
8.111219200725287344e-07
8.185715377343531806e-07
8.260755291446841101e-07
8.336348613902599338e-07
8.412497833305178140e-07
8.489205092020899920e-07
8.566475771432697829e-07
8.644314014187222857e-07
8.722723608236647899e-07
8.801706519502861628e-07
8.881269811468689019e-07
8.961414329934679331e-07
9.042144397624519732e-07
9.123464954633830634e-07
9.205387192676855673e-07
9.287909991384821228e-07
9.371036946577401947e-07
9.454770127945269965e-07
9.539112379743715235e-07
9.624071911961760346e-07
9.709659093004900216e-07
9.795880419132207766e-07
9.882738738327971971e-07
9.970236591780225046e-07
1.005838177195517297e-06
1.014717540165779905e-06
1.023662175774682726e-06
1.032672788546695020e-06
1.041749488684922981e-06
1.050892534404183359e-06
1.060102978418830713e-06
1.069381410700490944e-06
1.078728262607614182e-06
1.088143851865398046e-06
1.097628760958943169e-06
1.107184154960792727e-06
1.116810486425815290e-06
1.126508423403789808e-06
1.136278547390575393e-06
1.146120764337631423e-06
1.156035180115521483e-06
1.166022472776374864e-06
1.176082954922128826e-06
1.186217655368650504e-06
1.196427767311104111e-06
1.206713734556962997e-06
1.217076507126718642e-06
1.227516463416977171e-06
1.238034025755178489e-06
1.248629480292999070e-06
1.259303104385826886e-06
1.270055609841535848e-06
1.280887315286231205e-06
1.291799478045346199e-06
1.302793051326072676e-06
1.313869016472314759e-06
1.325028490358770786e-06
1.336272513441371661e-06
1.347601899087314092e-06
1.359017448674153109e-06
1.370519509303330742e-06
1.382108395821761224e-06
1.393785185809262523e-06
1.405550320293851749e-06
1.417404355490018931e-06
1.429348254867187610e-06
1.441382779234527517e-06
1.453508813580428300e-06
1.465727651323497803e-06
1.478041032144312660e-06
1.490452374147503791e-06
1.502964726350881490e-06
1.515580465977918929e-06
1.528301222394796372e-06
1.541127356058722333e-06
1.554058218182655801e-06
1.567093083682295414e-06
1.580230377124068410e-06
1.593469195053905844e-06
1.606809451069431602e-06
1.620250946673775227e-06
1.633795949171046605e-06
1.647445133259045994e-06
1.661196973580504928e-06
1.675050294401881097e-06
1.689005429614903300e-06
1.703064664906955852e-06
1.717232888443842643e-06
1.731514838201726930e-06
1.745913943967683425e-06
1.760433190603837320e-06
1.775074238538245492e-06
1.789837995375796409e-06
1.804725648097240365e-06
1.819738237909043196e-06
1.834876678415589830e-06
1.850142585793705741e-06
1.865537146736032494e-06
1.881059615850213573e-06
1.896711758573505329e-06
1.912491799317148097e-06
1.928400609236040999e-06
1.944439607832667020e-06
1.960610589604776122e-06
1.976914066186555265e-06
1.993352002479100048e-06
2.009926140391366464e-06
2.026641263539579969e-06
2.043499580289133174e-06
2.060503407532248166e-06
2.077651223442082392e-06
2.094943663554448435e-06
2.112380247989068848e-06
2.129960474999766879e-06
2.147685656080358282e-06
2.165555925816129968e-06
2.183572809197097456e-06
2.201737825609147892e-06
2.220053670399484457e-06
2.238523320461439551e-06
2.257145810700135312e-06
2.275922555664097406e-06
2.294857542159325813e-06
2.313955672102374439e-06
2.333220364749700948e-06
2.352653941134253494e-06
2.372255050008448233e-06
2.392028597872087764e-06
2.411974868438843794e-06
2.432094484113822040e-06
2.452391925167027962e-06
2.472873356776638565e-06
2.493539528223173443e-06
2.514397889761355440e-06
2.535448388305447795e-06
2.556695975421975643e-06
2.578142874533628453e-06
2.599792746673945811e-06
2.621647839608227277e-06
2.643703862081127568e-06
2.665958187923577216e-06
2.688406786367863244e-06
2.711045519665700998e-06
2.733874957266603081e-06
2.756900875481422737e-06
2.780130950772892265e-06
2.803576729642960166e-06
2.827248496956231970e-06
2.851151357978233225e-06
2.875289637773180376e-06
2.899665701222306279e-06
2.924280264002583962e-06
2.949134240705166330e-06
2.974233518332129746e-06
2.999583134360274515e-06
3.025183507576829706e-06
3.051035833739096764e-06
3.077139778640209339e-06
3.103496045933030896e-06
3.130105811497973965e-06
3.156976187404213574e-06
3.184113857847832028e-06
3.211516719018579519e-06
3.239189699410478363e-06
3.267133231727818964e-06
3.295355615414723283e-06
3.323859733754074043e-06
3.352641537851129728e-06
3.381700608480402613e-06
3.411039287113302870e-06
3.440659940928327669e-06
3.470562108803787303e-06
3.500754362947167751e-06
3.531247215779953895e-06
3.562052805270287751e-06
3.593186161088017576e-06
3.624659738875745732e-06
3.656476858742732877e-06
3.688628952317471469e-06
3.721114589025623299e-06
3.753924424425378935e-06
3.787057014516872474e-06
3.820520672751080754e-06
3.854317742853504995e-06
3.888467689438964785e-06
3.922975630511832652e-06
3.957847243171995114e-06
3.993082282175117112e-06
4.028693246318527085e-06
4.064685604008244276e-06
4.101062747563126214e-06
4.137823926601155566e-06
4.174975831943899574e-06
4.212515295401098062e-06
4.250454858039164839e-06
4.288808044776353427e-06
4.327575007481309052e-06
4.366784955252370090e-06
4.406441962464428409e-06
4.446557099817135476e-06
4.487137167336998442e-06
4.528191581358759073e-06
4.569713229491368976e-06
4.611689927448271671e-06
4.654129429577194474e-06
4.697033270439101744e-06
4.740436487193347418e-06
4.784355961730162843e-06
4.828810875578415080e-06
4.873821748502704252e-06
4.919404098563116934e-06
4.965563993871282318e-06
5.012308352897542447e-06
5.059643217542039443e-06
5.107551830196239733e-06
5.156049693325382632e-06
5.205134532195977853e-06
5.254823184940292435e-06
5.305125806965519355e-06
5.356046672282843729e-06
5.407603777032364439e-06
5.459810188724246117e-06
5.512688720178642128e-06
5.566247606411555801e-06
5.620513613307535592e-06
5.675499721794431632e-06
5.731213356903652895e-06
5.787671357881778076e-06
5.844898618310344829e-06
5.902912810290569932e-06
5.961728756878011214e-06
6.021367724494446041e-06
6.081852547071467640e-06
6.143211384329011003e-06
6.205458676172932519e-06
6.268615802969178424e-06
6.332674861235185181e-06
6.397665925538379774e-06
6.463632661452026796e-06
6.530611561044662038e-06
6.598658218235645283e-06
6.667811615152217986e-06
6.738072747993115898e-06
6.809444569939068766e-06
6.881924300713452224e-06
6.955527931442545425e-06
7.030270594051099914e-06
7.106189820141827789e-06
7.183303657127239951e-06
7.261647726246808223e-06
7.341223853486272439e-06
7.422033640656679548e-06
7.504065297810173965e-06
7.587324756885695544e-06
7.671842271593680833e-06
7.757645455881993692e-06
7.844783514699892274e-06
7.933312645311510711e-06
8.023271883296179978e-06
8.114679385526179904e-06
8.207571383234385076e-06
8.301970323234210869e-06
8.397883293273294283e-06
8.495372005881359802e-06
8.594451462416598700e-06
8.695132856611463500e-06
8.797422857720958074e-06
8.901373782027100813e-06
9.006993050188902218e-06
9.114289243602291429e-06
9.223279551456674743e-06
9.334001728664419669e-06
9.446492566728965478e-06
9.560829957237123637e-06
9.677100513533725326e-06
9.795353938990021260e-06
9.915654854038126348e-06
1.003810096976029942e-05
1.016277240632177975e-05
1.028975224298227649e-05
1.041912898576982369e-05
1.055096639968214872e-05
1.068531301336460584e-05
1.082222482124781098e-05
1.096174177593943327e-05
1.110393277215926123e-05
1.124890581228974149e-05
1.139679725442014304e-05
1.154769973187374452e-05
1.170164345217450952e-05
1.185868507666875806e-05
1.201885142887131804e-05
1.218214683044270648e-05
1.234857522715641718e-05
1.251816091261418903e-05
1.269094179214898621e-05
1.286699256354489632e-05
1.304634812048139931e-05
1.322902229124616002e-05
1.341500507631663498e-05
1.360422242301220727e-05
1.379656165713468872e-05
1.399195379711719976e-05
1.419033978949529375e-05
1.439178449622576613e-05
1.459641965389968934e-05
1.480446907330391058e-05
1.501612357456687454e-05
1.523135843803151109e-05
1.545007261200442476e-05
1.567226243253897210e-05
1.589794422785491151e-05
1.612717143967467168e-05
1.636002093826351915e-05
1.659649565720501592e-05
1.683661088733815427e-05
1.708061322534617602e-05
1.732882075988150425e-05
1.758143382179294195e-05
1.783837606998695398e-05
1.809956152371441869e-05
1.836495206993895467e-05
1.863435962083329016e-05
1.890785232617683413e-05
1.918582815167484419e-05
1.946841786172506710e-05
1.975520766957800591e-05
2.004585835554704567e-05
2.034011545072504857e-05
2.063782276950020081e-05
2.093891674985425057e-05
2.124346920504521544e-05
2.155148419412725768e-05
2.186303196478099831e-05
2.217812187395978694e-05
2.249681856547251798e-05
2.281901180050126648e-05
2.314471505605241532e-05
2.347428620261343015e-05
2.380774011630034620e-05
2.414517102393286629e-05
2.448633905916238469e-05
2.483055536394806098e-05
2.517751088803789840e-05
2.552721930837645987e-05
2.587969883916637281e-05
2.623520263130194087e-05
2.659326103721263576e-05
2.695304729973126457e-05
2.731443244458266900e-05
2.767764169978107670e-05
2.804307069190198055e-05
2.841032585512081400e-05
2.877916450323886771e-05
2.914931919551877297e-05
2.952083574804488850e-05
2.989429075280172657e-05
3.026979282249344145e-05
3.064691197783171706e-05
3.102570537796908322e-05
3.140641482506054973e-05
3.178925182038525347e-05
3.217393936416087065e-05
3.255975999700667039e-05
3.294570280435092738e-05
3.333086058436713608e-05
3.371491587695935217e-05
3.409755579906057274e-05
3.447876711329293591e-05
3.485883610519845377e-05
3.523870601694460442e-05
3.561957738221977940e-05
3.600124167234146409e-05
3.638286480822389162e-05
3.676405186454587034e-05
3.714483507420482915e-05
3.752543664844280326e-05
3.790557864232728115e-05
3.828452834881360128e-05
3.866238413194460639e-05
3.903971524798828828e-05
3.941726895850508383e-05
3.979542083542033889e-05
4.017465780477758633e-05
4.055536875112386114e-05
4.093747669591269459e-05
4.132052605739729335e-05
4.170361296239074157e-05
4.208612191483936539e-05
4.246763725723952962e-05
4.284799057355919842e-05
4.322766290427357261e-05
4.360938458711944318e-05
4.399807487978808096e-05
4.440106480604882341e-05
4.482591965745114348e-05
4.526297692714176366e-05
4.571222561036722643e-05
4.617242109377182874e-05
4.663998820145412964e-05
4.711431480384162138e-05
4.759797607121374786e-05
4.808829504552912342e-05
4.858381029527317950e-05
4.908552331593423536e-05
4.959099076427710259e-05
5.010140100523644967e-05
5.061831611556417439e-05
5.114087033707622078e-05
5.166943154786471360e-05
5.220798237344648213e-05
5.275963545822946055e-05
5.332357238798785513e-05
5.389482454763673460e-05
5.447218606855864180e-05
5.506181781880001275e-05
5.566722146722530361e-05
5.628486282061602572e-05
5.691278636603935555e-05
5.754464761806763574e-05
5.817253296926366401e-05
5.879738400831201911e-05
5.942441734688513823e-05
6.006884360094577380e-05
6.072618574998525225e-05
6.138408138674474935e-05
6.206673241274298779e-05
6.274760011261331706e-05
6.342811672598165325e-05
6.410143265798448717e-05
6.476996179292063185e-05
6.545286087813807264e-05
6.614510986771704047e-05
6.684317350440344119e-05
6.754551578800124930e-05
6.824074693775188138e-05
6.892261098037917957e-05
6.958907416440541192e-05
7.024575403155385945e-05
7.089338316300658612e-05
7.152697534305433355e-05
7.214775541555115625e-05
7.275356155313255279e-05
7.333941442015937324e-05
7.390173861703909551e-05
7.443816376645296187e-05
7.494654676520735273e-05
7.542588276656640603e-05
7.587392845709578905e-05
7.629072666899073055e-05
7.667660037339685351e-05
7.703168537506966057e-05
7.735562374227688415e-05
7.764670334245739043e-05
7.790145116336451921e-05
7.811635867914474380e-05
7.829112230114674870e-05
7.842267462743490486e-05
7.850752068637086316e-05
7.854557704374828884e-05
7.853579659197432877e-05
7.847552896678507042e-05
7.836520292290097538e-05
7.820618479173988295e-05
7.799643521496290796e-05
7.773707664922047686e-05
7.743001667797910239e-05
7.707597165716472451e-05
7.667383540204731913e-05
7.622143713995909223e-05
7.571858845524481426e-05
7.517034725468052297e-05
7.458575429206581087e-05
7.397348948426096273e-05
7.335094660667273395e-05
7.270713623674377650e-05
7.203568325586875043e-05
7.133070663784373531e-05
7.059581571433946976e-05
6.984325144495878257e-05
6.908095975826760706e-05
6.831279325654189376e-05
6.754016629035527227e-05
6.676159124892775353e-05
6.597760207648591178e-05
6.519351689106664849e-05
6.441604464914214574e-05
6.365741541746696341e-05
6.293632533596095219e-05
6.227420979042988124e-05
6.169411147519537626e-05
6.122564187145207795e-05
6.091921799256318660e-05
6.085819013290673916e-05
6.098411417622971368e-05
6.124578744474469148e-05
6.162196717591826394e-05
6.210085152790606727e-05
6.267237555615320509e-05
6.332760710131703870e-05
6.405630547171672657e-05
6.485124205740941470e-05
6.571015796275540388e-05
6.662996555586350983e-05
6.760089223880409704e-05
6.861637617324197857e-05
6.967570310898971739e-05
7.077295902350045752e-05
7.190080420460690576e-05
7.305036571261965244e-05
7.422592874981690935e-05
7.543085877893144565e-05
7.665279420892618821e-05
7.789846196265440108e-05
7.915766105527264306e-05
8.043351897550241828e-05
8.173163450349601631e-05
8.303675866875224706e-05
8.435005770516596684e-05
8.567565563491411215e-05
8.700090274691895320e-05
8.833078501697238236e-05
8.965496655519864997e-05
9.097244369811193865e-05
9.228087766091034195e-05
9.357536648712399836e-05
9.485730527414145883e-05
9.612236692464116885e-05
9.736949567994176275e-05
9.862202620895513694e-05
9.987746808011945692e-05
1.011256838147542292e-04
1.023649179200428568e-04
1.035902569469276724e-04
1.048028967167492526e-04
1.060019297407990558e-04
1.071888723155501471e-04
1.083634389239310610e-04
1.095270046601230465e-04
1.106773077477852201e-04
1.118083535133358031e-04
1.129162840836125649e-04
1.140007070895418859e-04
1.150626241069729877e-04
1.161039473309825355e-04
1.171239851558629030e-04
1.181218612916698236e-04
1.190972043414764128e-04
1.200490524608603242e-04
1.209783318403360048e-04
1.218859674348101346e-04
1.227728258061791858e-04
1.236407058539663970e-04
1.244906910471299695e-04
1.253238074495646411e-04
1.261411659232879916e-04
1.269435769471329392e-04
1.277324216614066402e-04
1.285096848307373243e-04
1.292767165481055458e-04
1.300341211505280409e-04
1.307827636206393461e-04
1.315238670776055780e-04
1.322583360648438473e-04
1.329864278218152501e-04
1.337088271619865166e-04
1.344270183125778867e-04
1.351419042174691011e-04
1.358540626265411911e-04
1.365639259911785109e-04
1.372719299406036423e-04
1.379782333020557064e-04
1.386833136244371167e-04
1.393879385272303638e-04
1.400928956177404251e-04
1.407990366157372620e-04
1.415073405568255773e-04
1.422189281267472231e-04
1.429347743959836960e-04
1.436563695158768895e-04
1.443850154872397670e-04
1.451354789879448330e-04
1.458952397532433526e-04
1.466516449625204050e-04
1.474176371521691614e-04
1.481945449699955742e-04
1.489954687934246175e-04
1.497979327575605507e-04
1.506151911998143569e-04
1.514480933675303590e-04
1.522972629800791150e-04
1.531581292689349657e-04
1.540348385493525642e-04
1.549463025058699800e-04
1.558803935689236585e-04
1.568260050897136635e-04
1.577935455888333197e-04
1.587832908841985786e-04
1.597957792253369355e-04
1.608315463007276697e-04
1.618907885046118745e-04
1.629739956422853733e-04
1.640818784103351689e-04
1.652137850515747919e-04
1.663671579095662295e-04
1.675384821728348429e-04
1.687241618181084253e-04
1.699200173686137624e-04
1.711202652234721194e-04
1.723192033371942380e-04
1.735110288007916664e-04
1.746914883227625550e-04
1.758573503292242554e-04
1.770059519373423109e-04
1.781716331101428964e-04
1.792792771192109496e-04
1.803653332216237002e-04
1.814297411130095172e-04
1.824726034052132572e-04
1.834938663891424624e-04
1.844936274963320866e-04
