1.107218957459111034e-07
1.107281829254981048e-07
1.107259281182122211e-07
1.107226724701559933e-07
1.107178226266872410e-07
1.107115393104488125e-07
1.107161259005846999e-07
1.107118899261274016e-07
1.106967948453459842e-07
1.107040462269127196e-07
1.106645616841001522e-07
1.106585624381398732e-07
1.106340227474533819e-07
1.106149794351780045e-07
1.105979383623867896e-07
1.105804731275401829e-07
1.105645494256585964e-07
1.105488182549377209e-07
1.105310570381128370e-07
1.105143136053330785e-07
1.104975379247386274e-07
1.104831142122882816e-07
1.104686949028077208e-07
1.104545321540791330e-07
1.104425079555805272e-07
1.104328438032037633e-07
1.104273529953519035e-07
1.104261986479995036e-07
1.104308018933890727e-07
1.104402859001155258e-07
1.104543805014373039e-07
1.104726185390071693e-07
1.104958100356542087e-07
1.105246448753756071e-07
1.105602567823963867e-07
1.106017751462611539e-07
1.106493960908327370e-07
1.107032773140540561e-07
1.107643928914963976e-07
1.108329629957579220e-07
1.109094512950379327e-07
1.109948524205874616e-07
1.110893374927265311e-07
1.111923565245134281e-07
1.112995277034343156e-07
1.114136863771935587e-07
1.115344778327075236e-07
1.116617236826725552e-07
1.117949642429152234e-07
1.119326724962909655e-07
1.120745056261860275e-07
1.122208882124430631e-07
1.123707340519077759e-07
1.125227406694145100e-07
1.126756430072697773e-07
1.128289983802018591e-07
1.129820338464196551e-07
1.131337845829455011e-07
1.132830969000549732e-07
1.134294650441411720e-07
1.135725327524514520e-07
1.137096030948614892e-07
1.138402620941957049e-07
1.139632208299038534e-07
1.140772643462804637e-07
1.141809654960510554e-07
1.142733002542864872e-07
1.143532625730070048e-07
1.144192556165460168e-07
1.144726047121963944e-07
1.145132279129610592e-07
1.145395535738740846e-07
1.145509169599013754e-07
1.145456216936266915e-07
1.145236906056210936e-07
1.144860187505170462e-07
1.144311716095406177e-07
1.143581387548206608e-07
1.142675134199451923e-07
1.141584398758236367e-07
1.140311809565974944e-07
1.138851039480708159e-07
1.137198347682746941e-07
1.135359877713382160e-07
1.133345869176151662e-07
1.131152779090254123e-07
1.128790909256443778e-07
1.126257402584612003e-07
1.123555294087547432e-07
1.120677353171318350e-07
1.117626405877683885e-07
1.114413484632391460e-07
1.111043269192382359e-07
1.107513913412216103e-07
1.103853641483925911e-07
1.100054704083767612e-07
1.096124334053677453e-07
1.092066944052101674e-07
1.087889964996654314e-07
1.083604703624558502e-07
1.079221885469903975e-07
1.074743472433704608e-07
1.070191918285413627e-07
1.065558175544236447e-07
1.060855103937888833e-07
1.056078123046569803e-07
1.051246522599959210e-07
1.046379323200247360e-07
1.041484075175254126e-07
1.036570320822644850e-07
1.031644005771738933e-07
1.026715509411612338e-07
1.021788317993124349e-07
1.016871741634988772e-07
1.011976169665916749e-07
1.007104507072838377e-07
1.002291736419638182e-07
9.975239233845006450e-08
9.928079742986421023e-08
9.881483110509527956e-08
9.835546902531682570e-08
9.790308486820825501e-08
9.745996415475366290e-08
9.702739807293207822e-08
9.660755789346702374e-08
9.619903776709109131e-08
9.580390464916903983e-08
9.542316883886491011e-08
9.505740474650822705e-08
9.470786005280806906e-08
9.437426387271119741e-08
9.406314670104877773e-08
9.376438092450052300e-08
9.348335614765651553e-08
9.322147013005712698e-08
9.297952125856704991e-08
9.275835661846807809e-08
9.256109941221498212e-08
9.238588818901354425e-08
9.223562721895616704e-08
9.211024795744912312e-08
9.201441506620477266e-08
9.194759401120979961e-08
9.191067478472446605e-08
9.190348303882448727e-08
9.192715968393660199e-08
9.198240659546645132e-08
9.207110568811864899e-08
9.219434293748761692e-08
9.235443712337665321e-08
9.255401162042473693e-08
9.279434268131043509e-08
9.307782930380682571e-08
9.340709066202964183e-08
9.378407476025496940e-08
9.421047380256157656e-08
9.469764044379383001e-08
9.524265097808153275e-08
9.585930773825022658e-08
9.655971613743493501e-08
9.733155289734837566e-08
9.816323592210827894e-08
9.904867163178672148e-08
9.998654978061767529e-08
1.009755220086330163e-07
1.020117704361574477e-07
1.030964103424018496e-07
1.042360536962961036e-07
1.054182048852567485e-07
1.066601646740778220e-07
1.079536656305396680e-07
1.093121945795666327e-07
1.107243383709352900e-07
1.121867478164759485e-07
1.136985219207977386e-07
1.152361353513203884e-07
1.167983368387244136e-07
1.183865510618077021e-07
1.199969933916992032e-07
1.216389915050762590e-07
1.233001317098740380e-07
1.249870898514269420e-07
1.267008677096607317e-07
1.284429187946188937e-07
1.302170017212852261e-07
1.320176017949251412e-07
1.338676628189872193e-07
1.357454368870507498e-07
1.376532266569586425e-07
1.395879856492671562e-07
1.415490845915184503e-07
1.435321185744275385e-07
1.455347774965096149e-07
1.475535134590666640e-07
1.495863174435163628e-07
1.516299255333232651e-07
1.536834284436657773e-07
1.557419063186682695e-07
1.578075026167561873e-07
1.598788024298705127e-07
1.619562220908670831e-07
1.640370963438748948e-07
1.661216652742096709e-07
1.682134877222595333e-07
1.703108785784754104e-07
1.724158733997551508e-07
1.745373549602047912e-07
1.766702402782487385e-07
1.788167177591545609e-07
1.809812611084559166e-07
1.831648429552622862e-07
1.853708311487800618e-07
1.876019671009558195e-07
1.898614020646391862e-07
1.921507631153684005e-07
1.944730197950551012e-07
1.968306431946218598e-07
1.992245348561969331e-07
2.016563022971928647e-07
2.041258787397598162e-07
2.066394288326086833e-07
2.091934915241873389e-07
2.117873380364514518e-07
2.144203579760982509e-07
2.170984306709463393e-07
2.198129149998817268e-07
2.225742312697621358e-07
2.253807206633522000e-07
2.282319397743926645e-07
2.311275837958676304e-07
2.340667180575085710e-07
2.370483118449213828e-07
2.400711433588316069e-07
2.431341592529475759e-07
2.462362608032912648e-07
2.493761706666786724e-07
2.525525306685370995e-07
2.557638971797446895e-07
2.590088373855138154e-07
2.622857128732891267e-07
2.655928921454048984e-07
2.689288202609158678e-07
2.722920249668777811e-07
2.756812384871847459e-07
2.790955241210856035e-07
2.825342883202395660e-07
2.859971903703613620e-07
2.894840602564145344e-07
2.929947835637598952e-07
2.965293110395583555e-07
3.000877455894315486e-07
3.036703647379595773e-07
3.072775454441146979e-07
3.109097564565789599e-07
3.145675764117448187e-07
3.182516739940835992e-07
3.219627571270988831e-07
3.257015585592967536e-07
3.294688680170853639e-07
3.332655522365048113e-07
3.370925066586014099e-07
3.409506272947659738e-07
3.448408739914856812e-07
3.487641272287090035e-07
3.527213572320434554e-07
3.567135770525532341e-07
3.607417892646640908e-07
3.648070254528838506e-07
3.689103411691708021e-07
3.730527720949674469e-07
3.772354200739285237e-07
3.814593974359648525e-07
3.857258265384806556e-07
3.900357770607211428e-07
3.943902588128405129e-07
3.987902193514711200e-07
4.032365662727519546e-07
4.077303110266168742e-07
4.122723530667341102e-07
4.168636345839536084e-07
4.215050252857338323e-07
4.261975026136678356e-07
4.309419973756078774e-07
4.357394878896825928e-07
4.405908731249289360e-07
4.454970296692641654e-07
4.504587239964467516e-07
4.554767522214383641e-07
4.605518109733550794e-07
4.656845590809753893e-07
4.708756681849300570e-07
4.761258351342163360e-07
4.814359147378663910e-07
4.868068136008250163e-07
4.922390114835026901e-07
4.977338307496295787e-07
5.032941924237491051e-07
5.089190876885186759e-07
5.146045784672759947e-07
5.203703536202479790e-07
5.262080710833563954e-07
5.321085303474891052e-07
5.380801166830352541e-07
5.441205344482140049e-07
5.502266775575943120e-07
5.563988848054731244e-07
5.626369365039585213e-07
5.689402382303547666e-07
5.753082775373650914e-07
5.817406245715241061e-07
5.882368367581472577e-07
5.947964011367474077e-07
6.014186041069104999e-07
6.081026591602221678e-07
6.148476611835077975e-07
6.216527766868114998e-07
6.285172195912691149e-07
6.354403049343853064e-07
6.424215088464235821e-07
6.494603677096970382e-07
6.565565607092517750e-07
6.637098828301633869e-07
6.709201231523385029e-07
6.781870964225491760e-07
6.855109006680033069e-07
6.928917517857962817e-07
7.003298572853628414e-07
7.078253712569610462e-07
7.153785585671445693e-07
7.229899467673549469e-07
7.306601387670449562e-07
7.383896483041973015e-07
7.461790377296787851e-07
7.540287704719886433e-07
7.619394062042314704e-07
7.699116436642157296e-07
7.779463811639692756e-07
7.860444188470047322e-07
7.942066041176495730e-07
8.024336692709988619e-07
8.107262695785604807e-07
8.190848762638521450e-07
8.275102348880287908e-07
8.360028252237382462e-07
8.445633280317790770e-07
8.531925505278346337e-07
8.618914168977620138e-07
8.706606038384066637e-07
8.795008783409543882e-07
8.884129107579458007e-07
8.973973523827149017e-07
9.064545870750342385e-07
9.155847669653454248e-07
9.247884437142931713e-07
9.340661574424488592e-07
9.434185135280251647e-07
9.528460071941079033e-07
9.623495278854120791e-07
9.719300489095718355e-07
9.815876828791052667e-07
9.913230710752360952e-07
1.001137319139473285e-06
1.011031785669952806e-06
1.021008153162386253e-06
1.031067614047287528e-06
1.041210989744764338e-06
1.051438732213825953e-06
1.061751583425704320e-06
1.072150213582135894e-06
1.082635279560161509e-06
1.093207584299590422e-06
1.103867696365632840e-06
1.114616098407631050e-06
1.125453416474779397e-06
1.136380478898828538e-06
1.147398197566561851e-06
1.158507602256567602e-06
1.169709647998877950e-06
1.181005055230208752e-06
1.192394176832417877e-06
1.203877846220605416e-06
1.215456987480654969e-06
1.227132349554572166e-06
1.238904768639095088e-06
1.250775119445447861e-06
1.262744209602339063e-06
1.274813006223514859e-06
1.286982600746422700e-06
1.299254039889568432e-06
1.311627996486163013e-06
1.324105343727277905e-06
1.336686780117733933e-06
1.349373357643529014e-06
1.362166340366903901e-06
1.375067117155867841e-06
1.388076475918232840e-06
1.401195588707567606e-06
1.414425082486011300e-06
1.427766312784384162e-06
1.441220517710584258e-06
1.454789401029572901e-06
1.468474334186393271e-06
1.482275862547975769e-06
1.496195266879242802e-06
1.510233612969340182e-06
1.524392021064560778e-06
1.538671781943597246e-06
1.553073981083922077e-06
1.567600268329290571e-06
1.582252058239474238e-06
1.597030672502921157e-06
1.611937330996281075e-06
1.626973154476951199e-06
1.642139888828234510e-06
1.657439051924139517e-06
1.672872048871280048e-06
1.688440235548090194e-06
1.704145042546267891e-06
1.719987751246730089e-06
1.735969475870971264e-06
1.752092118908542489e-06
1.768356998188111780e-06
1.784765955175414704e-06
1.801320235736337432e-06
1.818021732230016514e-06
1.834872356783704200e-06
1.851873655869153685e-06
1.869026895665217816e-06
1.886333876420466423e-06
1.903796221998557444e-06
1.921416099197249403e-06
1.939195506805936183e-06
1.957136284354203960e-06
1.975240536654598321e-06
1.993510113507608000e-06
2.011946590929056632e-06
2.030552192580368227e-06
2.049329132174902797e-06
2.068279422243540882e-06
2.087404971989254064e-06
2.106707438659035010e-06
2.126188861728365120e-06
2.145850897297764413e-06
2.165695934906778990e-06
2.185726082560801509e-06
2.205943197649889227e-06
2.226349396425293344e-06
2.246945856433091694e-06
2.267734693749743453e-06
2.288719040599657221e-06
2.309902698779709866e-06
2.331289676261434868e-06
2.352882964005812328e-06
2.374683954017621597e-06
2.396694829608113802e-06
2.418916674236579230e-06
2.441350986715522516e-06
2.463998885732278320e-06
2.486861635335450588e-06
2.509940201939727921e-06
2.533236687765120987e-06
2.556754219121057393e-06
2.580495166241365155e-06
2.604461079901467691e-06
2.628653368411955068e-06
2.653072663703112836e-06
2.677722577490619115e-06
2.702609628115442920e-06
2.727740040972504499e-06
2.753118621439020193e-06
2.778748901150009543e-06
2.804633702545478495e-06
2.830775848051644996e-06
2.857178887496866249e-06
2.883845514809737622e-06
2.910777999845770937e-06
2.937978215496201997e-06
2.965449498860187158e-06
2.993193596569183746e-06
3.021214014199268936e-06
3.049511340431487303e-06
3.078089092392177570e-06
3.106948364597498688e-06
3.136093116007035820e-06
3.165524992535022474e-06
3.195247184060346839e-06
3.225263056061559904e-06
3.255579519648344153e-06
3.286199333857244347e-06
3.317127022791180814e-06
3.348363943996798282e-06
3.379911667158289388e-06
3.411770041035902498e-06
3.443940764339519848e-06
3.476426555984575169e-06
3.509229859838083835e-06
3.542354913707750648e-06
3.575805395150914497e-06
3.609585903658066599e-06
3.643700201808804800e-06
3.678151916548914890e-06
3.712943957100488767e-06
3.748081970419687655e-06
3.783572085225423351e-06
3.819419147407270713e-06
3.855625642500585073e-06
3.892193034558429037e-06
3.929126162040358612e-06
3.966429485714012313e-06
4.004104550020090889e-06
4.042158310880786988e-06
4.080597995799604162e-06
4.119425689950760828e-06
4.158649068658246237e-06
4.198270464775927610e-06
4.238293961422787335e-06
4.278722342540880671e-06
4.319559985863456188e-06
4.360814199942585228e-06
4.402482678281258818e-06
4.444564338088552844e-06
4.487054727537296275e-06
4.529949965552564816e-06
4.573249076590951424e-06
4.616958416557662712e-06
4.661085687133284448e-06
4.705646982161981351e-06
4.750657450572715099e-06
4.796127170831573542e-06
4.842060982786839296e-06
4.888458209253252047e-06
4.935319916651972090e-06
4.982650637502651519e-06
5.030461010464919622e-06
5.078757855579049178e-06
5.127551606122357974e-06
5.176847131763872211e-06
5.226644839743881896e-06
5.276949423011148289e-06
5.327772235588870245e-06
5.379123265890803262e-06
5.431014980678440242e-06
5.483443450986644041e-06
5.536416092673001960e-06
5.589928865912824154e-06
5.643981797499356858e-06
5.698579201087110772e-06
5.753714813989523283e-06
5.809395596927465852e-06
5.865628369369403034e-06
5.922420864778051133e-06
5.979780841647794038e-06
6.037714910424954631e-06
6.096231174279806295e-06
6.155338557194710176e-06
6.215049144872698226e-06
6.275371622573937519e-06
6.336309852802917312e-06
6.397860859208675648e-06
6.460027334240739715e-06
6.522811018523330400e-06
6.586223537697163891e-06
6.650272939455169962e-06
6.714975322979326925e-06
6.780339359833677205e-06
6.846378494334446217e-06
6.913106117069895456e-06
6.980523053594803474e-06
7.048635684076475222e-06
7.117445890664802336e-06
7.186957291196888728e-06
7.257166784297577445e-06
7.328081411521021607e-06
7.399705532658071560e-06
7.472049281910854479e-06
7.545120533495444634e-06
7.618936439587452669e-06
7.693514537969545902e-06
7.768870458804885061e-06
7.845016508319596984e-06
7.921948247247276567e-06
7.999671394427329001e-06
8.078186927731514295e-06
8.157493684910876991e-06
8.237611069646854435e-06
8.318546720508411329e-06
8.400326580400119017e-06
8.482958395290835421e-06
8.566455503426002627e-06
8.650829671795782363e-06
8.736093981804617103e-06
8.822254292752988581e-06
8.909319092538340885e-06
8.997305202660162493e-06
9.086205164302412811e-06
9.176031287611058457e-06
9.266791284539073034e-06
9.358485457042614575e-06
9.451126352089396607e-06
9.544743369349097378e-06
9.639343018980624613e-06
9.734952005029637084e-06
9.831580318219107086e-06
9.929231780586307132e-06
1.002790304820184053e-05
1.012759862103137431e-05
1.022833319717291077e-05
1.033013026530569629e-05
1.043300016981607556e-05
1.053696826320222726e-05
1.064204738402778339e-05
1.074824829835737880e-05
1.085558911661559284e-05
1.096408042690502646e-05
1.107375112904312820e-05
1.118460440277338778e-05
1.129666462486290823e-05
1.140993861150166818e-05
1.152444535812170227e-05
1.164021169004015678e-05
1.175726668131718061e-05
1.187564995565655674e-05
1.199537633527128494e-05
1.211643043141060230e-05
1.223883040081689275e-05
1.236259844627684900e-05
1.248775150612648760e-05
1.261428995874846359e-05
1.274219846401200001e-05
1.287147305509463106e-05
1.300210987903961524e-05
1.313411163845862793e-05
1.326748714023912245e-05
1.340225166478802820e-05
1.353842492643439645e-05
1.367602239263762769e-05
1.381506936792626487e-05
1.395560560502855237e-05
1.409765629950474663e-05
1.424126545565164285e-05
1.438646973786682477e-05
1.453328299751480576e-05
1.468172079314991542e-05
1.483177577215779696e-05
1.498344319236666993e-05
1.513671881716993623e-05
1.529157645558549213e-05
1.544800932104562922e-05
1.560602097678831580e-05
1.576559913639021508e-05
1.592677174621333152e-05
1.608957850917522395e-05
1.625404724164035891e-05
1.642020754404235861e-05
1.658809902784179533e-05
1.675775703047736328e-05
1.692920686977264808e-05
1.710247815658671273e-05
1.727762610088596744e-05
1.745470903992205064e-05
1.763379871801446590e-05
1.781494450548324699e-05
1.799819383955684549e-05
1.818359020723800737e-05
1.837117044851928617e-05
1.856093727690558891e-05
1.875290275163242612e-05
1.894710710847610725e-05
1.914357141185963143e-05
1.934228947766761795e-05
1.954327045307357753e-05
1.974651376788917053e-05
1.995201057859270091e-05
2.015975428099238957e-05
2.036971995221053378e-05
2.058187977694138707e-05
2.079622954350821655e-05
2.101275284806416091e-05
2.123143808757821128e-05
2.145225411451429955e-05
2.167514995554769262e-05
2.190011097702597350e-05
2.212715622296342576e-05
2.235629935579514459e-05
2.258752146067511540e-05
2.282081785493157009e-05
2.305619286006630017e-05
2.329367604616071178e-05
2.353328881748356353e-05
2.377505592222858412e-05
2.401903620302458858e-05
2.426525564661317460e-05
2.451371974996903024e-05
2.476449436685885321e-05
2.501756350333814936e-05
2.527293223006845733e-05
2.553063615737742153e-05
2.579068704669849985e-05
2.605309881333133673e-05
2.631780275776352099e-05
2.658473453115873120e-05
2.685382578074318522e-05
2.712494190880176167e-05
2.739807955706468595e-05
2.767334612448325246e-05
2.795076944570535412e-05
2.823032358443477581e-05
2.851199555214274357e-05
2.879575262231484379e-05
2.908159346559498714e-05
2.936958964035752889e-05
2.965982937137804447e-05
2.995234557556622731e-05
3.024709413480159445e-05
3.054393993989348513e-05
3.084277972357958055e-05
3.114354327878222109e-05
3.144621116434617134e-05
3.175077151863103147e-05
3.205710490780832629e-05
3.236517937900902810e-05
3.267487921879019293e-05
3.298593007612491855e-05
3.329832767295531654e-05
3.361223202576740364e-05
3.392775967757720803e-05
3.424517515686768999e-05
3.456450057315853605e-05
3.488558822830448744e-05
3.520840309675740172e-05
3.553298608255264605e-05
3.585934435326502913e-05
3.618710706736694637e-05
3.651585141778485217e-05
3.684517368819565221e-05
3.717496418933181695e-05
3.750564267357917042e-05
3.783788029492696973e-05
3.817225346265221321e-05
3.850940487968843761e-05
3.884976554433842505e-05
3.919365824059712922e-05
3.954089401009524673e-05
3.989081288949999487e-05
4.024256373571874913e-05
4.059552359880245847e-05
4.094903947909577082e-05
4.130257997212800669e-05
4.165609110713131555e-05
4.201033293836451278e-05
4.236720171286977846e-05
4.272884764774444335e-05
4.309649524397554437e-05
4.347005679359073368e-05
4.384804922924552171e-05
4.422907284402410649e-05
4.461241856932276941e-05
4.499780493297686300e-05
4.538504618900706652e-05
4.577437760427959678e-05
4.616648123595777897e-05
4.656310128290091100e-05
4.696643585549487471e-05
4.737858494416612886e-05
4.780000508274812932e-05
4.823014773412815081e-05
4.866701974799005428e-05
4.910829361226258668e-05
4.955267679882933063e-05
4.999861721477682423e-05
5.044478108094508739e-05
5.089248567037195429e-05
5.134458828728381114e-05
5.180542190394721991e-05
5.227799365569705165e-05
5.276499217854982757e-05
5.326326666452230657e-05
5.376836548842103320e-05
5.427758808427458496e-05
5.478739077572901167e-05
5.529533640733881936e-05
5.580258765449306582e-05
5.631074060378920713e-05
5.682054220194562855e-05
5.733287082851474620e-05
5.785003713050353640e-05
5.837418334158994373e-05
5.890381599546420005e-05
5.943705275083780327e-05
5.997426642061921408e-05
6.051113747129265410e-05
6.104201566815542870e-05
6.156655784445720485e-05
6.208836249686007676e-05
6.261226203099704154e-05
6.314201093176696582e-05
6.367322602638788502e-05
6.419860692571720078e-05
6.471618810733150481e-05
6.523043267171939970e-05
6.574538293959610448e-05
6.626265441430421023e-05
6.678266876213576932e-05
6.730103474486167617e-05
6.781026320766024638e-05
6.830812319856412694e-05
6.879125222408517695e-05
6.925990646262975188e-05
6.971884435219668000e-05
7.017191942919016130e-05
7.062017092006976225e-05
7.106588522902613407e-05
7.150890050134508873e-05
7.194632322465279101e-05
7.237371301876321993e-05
7.279088498487044684e-05
7.319973761700140208e-05
7.359699768182611525e-05
7.397995693968698733e-05
7.435361696875707345e-05
7.471639112959031206e-05
7.506473955045289866e-05
7.539709244217312133e-05
7.571198752397892537e-05
7.601219181651330575e-05
7.630282924887753465e-05
7.658514116700237636e-05
7.685799996127974047e-05
7.712351833784696878e-05
7.737914561374993182e-05
7.762094049501585646e-05
7.784899194941422777e-05
7.806086268704664425e-05
7.825639490072724871e-05
7.843300903034865245e-05
7.859356260682409537e-05
7.874295636890915509e-05
7.887991885297775585e-05
7.900699528213162189e-05
7.913058639688623139e-05
7.925215759166838599e-05
7.937092553590888004e-05
7.948427578458280613e-05
7.958960329391882263e-05
7.968227942262219349e-05
7.976066465980948569e-05
7.983003354377116753e-05
7.989623179951097756e-05
7.996010463919550192e-05
8.002180461570058989e-05
8.008453000767773444e-05
8.014958038877293832e-05
8.021786960938839936e-05
8.028960318303463744e-05
8.036522778840342199e-05
8.044586037040234324e-05
8.053188155683874995e-05
8.062328470946313530e-05
8.071915411257422142e-05
8.081959918364028537e-05
8.092723868689139790e-05
8.104337127404846850e-05
8.116899501026356048e-05
8.130626413660050125e-05
8.145572756303489628e-05
8.161793387027746960e-05
8.179260597787145731e-05
8.197868642287288107e-05
8.217535852840685158e-05
8.238301403500551234e-05
8.260289605540882009e-05
8.283575437666264773e-05
8.308130039441683314e-05
8.333913516602557150e-05
8.360861444507076794e-05
8.388919147838450844e-05
8.418070534939167064e-05
8.448345491228841900e-05
8.479757317449779501e-05
8.512239136654903434e-05
8.545740315142052340e-05
8.580212613881480952e-05
8.615673189992738951e-05
8.652015574141130893e-05
8.689143552613556073e-05
8.726993982125408507e-05
8.765596462964623462e-05
8.804881033891809956e-05
8.844929149616445228e-05
8.885755953085847450e-05
8.927247225784361176e-05
8.969756676415345021e-05
9.012869360831317475e-05
9.056914821987920711e-05
9.101665999991234506e-05
9.147201862634958894e-05
9.193464774313850926e-05
9.240457285713388593e-05
9.288191978233274336e-05
9.336710259999921838e-05
9.386098908736943388e-05
9.436503530684315125e-05
9.487919057543103027e-05
9.540486301493445538e-05
9.594251248597786004e-05
9.649302436817108156e-05
9.705851293776866697e-05
9.763703808012511324e-05
9.823050407514300841e-05
9.883622155694173864e-05
9.945490678501796387e-05
1.000863799454314979e-04
1.007307537715920927e-04
1.013885340784329941e-04
1.020614714698137758e-04
1.027513722012099223e-04
1.034591247014255094e-04
1.041860438574639878e-04
1.049334060402182868e-04
1.057021339604114336e-04
1.064916937292368916e-04
1.073020801374241186e-04
1.081335128324247089e-04
1.089860046829234857e-04
1.098594243632329553e-04
1.107553084374679687e-04
1.116752996713231335e-04
1.126189005164824665e-04
1.135836650161622550e-04
1.145659071841932566e-04
1.155650201602027128e-04
1.165847008806152984e-04
1.176232574137678951e-04
1.186820677113905307e-04
1.197582324832131557e-04
1.208509217483911657e-04
1.219671493269858687e-04
1.231177437818491876e-04
1.242896522049609658e-04
1.254732039908666209e-04
1.266671578655537850e-04
1.278690039866658338e-04
1.290752120896585323e-04
1.302843040482057357e-04
1.314953407618038117e-04
1.327076973608677841e-04
1.339204921998106857e-04
1.351337188528850498e-04
1.363464209307275554e-04
1.375563672562376508e-04
1.387627746716655578e-04
1.399650352008462585e-04
1.411629623068275542e-04
1.423552428691664436e-04
1.435418066311361395e-04
1.447230000509673175e-04
1.459008248876254323e-04
1.470748555345891581e-04
1.482434507926378342e-04
1.494060340497525862e-04
1.505630173115978898e-04
1.517354699316681061e-04
1.528979792037792691e-04
1.540394675348910852e-04
1.551739448402923087e-04
1.563025108568794855e-04
1.574071883855485403e-04
1.585238109661988031e-04
1.596358317928287191e-04
1.607416526112366963e-04
1.618398160831142191e-04
1.629252454292527837e-04
1.640037361957820384e-04
1.651075094169853776e-04
1.662142690107039085e-04
1.672710697627257932e-04
1.683169719711000200e-04
1.693525507787330879e-04
1.703778348008569529e-04
1.713919073736607315e-04
1.723935119757475103e-04
1.733822024294900282e-04
1.743576549303419310e-04
1.753203271167705693e-04
1.762708111263346826e-04
1.772097717314712929e-04
1.781372078439522055e-04
1.790532999209351280e-04
1.799587245513156199e-04
1.808540458994249808e-04
1.817410613998103326e-04
1.826212883624832772e-04
1.834950647016432308e-04
1.843628528294289650e-04
1.851807558383633187e-04
1.860385885429935524e-04
1.868951649937406942e-04
1.877511476239967115e-04
1.886073034275826798e-04
1.894650546796576552e-04
1.903259915471918785e-04
