1.107193422666735502e-07
1.107273546604265562e-07
1.107244934419682602e-07
1.107203120519872113e-07
1.107142025496413201e-07
1.107061118213653255e-07
1.107038205758415241e-07
1.106961254357732563e-07
1.106808184759964101e-07
1.106662430350387896e-07
1.106427748351825404e-07
1.106275794260915840e-07
1.106102935261001441e-07
1.105885834741541625e-07
1.105657687886152598e-07
1.105412288780533355e-07
1.105173029431535379e-07
1.104961265949819018e-07
1.104739477954952740e-07
1.104520766886815669e-07
1.104302639436643102e-07
1.104101558023901953e-07
1.103910059726354303e-07
1.103731748931986791e-07
1.103575829484776831e-07
1.103450844402608328e-07
1.103361972267895406e-07
1.103314360879480699e-07
1.103314456531977258e-07
1.103352245938835789e-07
1.103447978627406749e-07
1.103590850096596230e-07
1.103785297090298635e-07
1.104043377836892480e-07
1.104363223917814847e-07
1.104734354247234847e-07
1.105157367243039384e-07
1.105635273502869562e-07
1.106173407237418685e-07
1.106771669535394382e-07
1.107435354685864445e-07
1.108167499084537101e-07
1.108967696605456600e-07
1.109833781240628544e-07
1.110706217511962158e-07
1.111612865874455562e-07
1.112547990800124376e-07
1.113504231798162674e-07
1.114483546068213585e-07
1.115469896719211667e-07
1.116450156874797660e-07
1.117418687002012879e-07
1.118365319691221754e-07
1.119274935598967673e-07
1.120132394364042175e-07
1.120931968576418029e-07
1.121663349257583142e-07
1.122314127250794132e-07
1.122870588577745461e-07
1.123327597160973271e-07
1.123681289647470137e-07
1.123904089264658576e-07
1.123990565455704711e-07
1.123927261380028872e-07
1.123703740697685287e-07
1.123309371581340350e-07
1.122729462489597566e-07
1.121958138190147162e-07
1.120976606726265471e-07
1.119806151707317278e-07
1.118446711104489581e-07
1.116889015015628834e-07
1.115129892432546545e-07
1.113153279263579760e-07
1.110958010391071642e-07
1.108563530112455603e-07
1.105959027952341247e-07
1.103141927078619923e-07
1.100116861807666961e-07
1.096879447124365578e-07
1.093437833552523512e-07
1.089793827158174144e-07
1.085949211497910586e-07
1.081907057911444505e-07
1.077681719138775590e-07
1.073282634137328934e-07
1.068726921152154874e-07
1.064008057033558389e-07
1.059135905909249517e-07
1.054115538309880498e-07
1.048952047055930955e-07
1.043654591590489838e-07
1.038234127432747216e-07
1.032692500120104144e-07
1.027066653032980637e-07
1.021350275640780705e-07
1.015557068403347217e-07
1.009695488480847091e-07
1.003780188836830567e-07
9.978216886577348540e-08
9.918357654700506996e-08
9.858301693736294473e-08
9.798337011713110752e-08
9.738378504273624796e-08
9.678583315630458484e-08
9.618932412948627007e-08
9.559712464695835748e-08
9.501165600118396701e-08
9.443415639373894486e-08
9.386597919068570301e-08
9.330799264698957471e-08
9.276151877193608376e-08
9.222743378780079846e-08
9.170733167681712191e-08
9.120283262794911840e-08
9.071501604859869450e-08
9.024722827403912081e-08
8.979939918727824390e-08
8.937272109183814048e-08
8.896851327640494384e-08
8.858789215280510520e-08
8.823202727931391619e-08
8.790379426835642053e-08
8.760528582728172461e-08
8.734137314492274890e-08
8.710703952221202101e-08
8.690765510892232807e-08
8.674502556110109228e-08
8.662070708249789998e-08
8.653651982403510752e-08
8.649318435269484263e-08
8.649626452162386675e-08
8.654094547865447326e-08
8.663121052033866321e-08
8.676995741586926657e-08
8.695751039791392291e-08
8.719376632796303556e-08
8.748103148360200736e-08
8.782006915699727923e-08
8.821463903686605043e-08
8.866528445082745428e-08
8.917478439161774232e-08
8.974638371817526898e-08
9.038501717295284558e-08
9.109250296515969941e-08
9.186944711700745762e-08
9.273734053291375103e-08
9.367386290247025897e-08
9.467235405313734404e-08
9.572767581328028004e-08
9.684230586047730152e-08
9.801182860298436117e-08
9.923541058754595884e-08
1.005166790351254501e-07
1.018629686909916047e-07
1.032940169145150862e-07
1.048186025611830769e-07
1.064254354619600745e-07
1.080852082277500781e-07
1.098003035369123522e-07
1.115741423681405591e-07
1.134054007498824211e-07
1.152934375286015342e-07
1.172154182019170394e-07
1.191868755474804108e-07
1.212025104369877645e-07
1.232484529953565075e-07
1.253299407872747649e-07
1.274431198034611158e-07
1.295874475876276128e-07
1.317607252800495199e-07
1.339608810327534499e-07
1.361867547413294904e-07
1.384370484883890325e-07
1.407141034473586263e-07
1.430176087274368165e-07
1.453478255192013779e-07
1.477068402044582048e-07
1.500906081356294016e-07
1.525038078449217854e-07
1.549403487013891275e-07
1.574029891768640361e-07
1.598922604865671480e-07
1.624088873275028495e-07
1.649535381438206367e-07
1.675261467930634631e-07
1.701264944376938095e-07
1.727566772468382479e-07
1.754148812657502654e-07
1.781002043674781359e-07
1.808139334581672304e-07
1.835511324289176878e-07
1.863101566856968237e-07
1.890907082693821878e-07
1.918892706609986298e-07
1.947034264638696559e-07
1.975329446419197978e-07
2.003732812323700728e-07
2.032264017753547378e-07
2.060910443093846766e-07
2.089707315251583917e-07
2.118620143372544192e-07
2.147672877864198673e-07
2.176919581336349004e-07
2.206344822601856684e-07
2.235970953612883652e-07
2.265915707596801834e-07
2.296121972168325249e-07
2.326610567157871899e-07
2.357460167528473873e-07
2.388658102891449290e-07
2.420262690260157394e-07
2.452309564074893463e-07
2.484843668236491942e-07
2.517871912504314663e-07
2.551421330288844607e-07
2.585505525658031721e-07
2.620130143101828064e-07
2.655301846083172534e-07
2.691014156272962874e-07
2.727348863021890328e-07
2.764232974106935380e-07
2.801656256582451969e-07
2.839561091404349161e-07
2.877979648901288147e-07
2.916874470634193587e-07
2.956239479581621549e-07
2.996051149846349633e-07
3.036271164292923849e-07
3.076859479457416533e-07
3.117785186573210464e-07
3.159021047696783239e-07
3.200547997478349617e-07
3.242354409892087237e-07
3.284434206281036367e-07
3.326785746587173007e-07
3.369410636458639355e-07
3.412312394172892861e-07
3.455497229386342314e-07
3.498973221630747036e-07
3.542749149187270798e-07
3.586835553170483080e-07
3.631244334726306455e-07
3.675987934674479419e-07
3.721079959230042266e-07
3.766535768866658070e-07
3.812370775417830543e-07
3.858599577335048484e-07
3.905236112506587562e-07
3.952295326953068164e-07
3.999792695027361374e-07
4.047744005741667531e-07
4.096166417317878969e-07
4.145077936771934828e-07
4.194497379837185607e-07
4.244444325140473989e-07
4.294938585849877230e-07
4.345999527737512286e-07
4.397645380016210217e-07
4.449894495705508345e-07
4.502764355101106283e-07
4.556270418967436407e-07
4.610430508066257738e-07
4.665266041251956505e-07
4.720793179540136717e-07
4.777021555634812349e-07
4.834004592518309138e-07
4.891817389075636638e-07
4.950396509491208177e-07
5.009814289638606236e-07
5.070182566197919240e-07
5.131343265458125850e-07
5.193306878996071006e-07
5.256091756056174710e-07
5.319697044142496717e-07
5.384120627181230334e-07
5.449361988229121822e-07
5.515419698641136014e-07
5.582291673485238151e-07
5.649975454027181935e-07
5.718467392033223228e-07
5.787763818947853293e-07
5.857860635753077610e-07
5.928753775892444100e-07
6.000437175938095380e-07
6.072904174779971673e-07
6.146146805905494704e-07
6.220157031159770588e-07
6.294925553178234489e-07
6.370442741428825845e-07
6.446699196970412916e-07
6.523686151839734018e-07
6.601394845585955853e-07
6.679817053357601751e-07
6.758945015790588490e-07
6.838772569795360107e-07
6.919293821059791320e-07
7.000505608248019241e-07
7.082405716970193371e-07
7.164992794543961933e-07
7.248267371372822643e-07
7.332231982670765863e-07
7.416890433744693374e-07
7.502247082646521446e-07
7.588307427550996616e-07
7.675078470211508829e-07
7.762567768316328249e-07
7.850782778986169192e-07
7.939730934547534127e-07
8.029421228951808247e-07
8.119864388215402762e-07
8.211071300720889528e-07
8.303052548221711712e-07
8.395819216025284546e-07
8.489380248605546726e-07
8.583745788104951351e-07
8.678927454186075235e-07
8.774936275126540183e-07
8.871783516834739369e-07
8.969481830944813583e-07
9.068043009855438788e-07
9.167478625907970370e-07
9.267800467485093564e-07
9.369020143848299166e-07
9.471149416987410813e-07
9.574200744813462817e-07
9.678185363034457185e-07
9.783114126596551941e-07
9.888998231754953410e-07
9.995849426127192174e-07
1.010368047434875950e-06
1.021250224858166700e-06
1.032232550332944470e-06
1.043316112646059590e-06
1.054502079024850514e-06
1.065791610222227439e-06
1.077185837018872118e-06
1.088685793801106267e-06
1.100292578094873456e-06
1.112007340701831014e-06
1.123831014781849948e-06
1.135764608305410369e-06
1.147809093510156401e-06
1.159965420647671288e-06
1.172234668178240244e-06
1.184617955639259440e-06
1.197116494552549082e-06
1.209731358218807533e-06
1.222463550734503842e-06
1.235313976420013078e-06
1.248283624980470993e-06
1.261373346983236255e-06
1.274583859542449049e-06
1.287916030715258873e-06
1.301370678141262315e-06
1.314948296670502564e-06
1.328649665402173710e-06
1.342476241593477404e-06
1.356429881779911643e-06
1.370511670697475547e-06
1.384723450149201673e-06
1.399067583643881320e-06
1.413546684467952712e-06
1.428163027673264317e-06
1.442918734036249377e-06
1.457815615830311924e-06
1.472855205281639029e-06
1.488038880035017390e-06
1.503367999908676341e-06
1.518843944614737047e-06
1.534468428372798805e-06
1.550243343283731255e-06
1.566170356021965227e-06
1.582251178669339208e-06
1.598487410619159370e-06
1.614880968256569439e-06
1.631433944443299197e-06
1.648148387699561993e-06
1.665026167722083405e-06
1.682069256046093231e-06
1.699279532060879067e-06
1.716659197904971185e-06
1.734210628328800684e-06
1.751935789136086670e-06
1.769836471312791514e-06
1.787914770010695345e-06
1.806173235106329914e-06
1.824614132634480073e-06
1.843239833076252192e-06
1.862052782494258926e-06
1.881055367170266817e-06
1.900249885323459058e-06
1.919638742139041244e-06
1.939224634685138056e-06
1.959009547634575711e-06
1.978996223498924412e-06
1.999187084216128087e-06
2.019584676693080902e-06
2.040192088734544494e-06
2.061012616494850482e-06
2.082049577246020177e-06
2.103305297644100680e-06
2.124782116548961522e-06
2.146482523032777562e-06
2.168409127486296050e-06
2.190565099990586361e-06
2.212953733585662735e-06
2.235578132790356819e-06
2.258441419208773562e-06
2.281546892945418306e-06
2.304897368640742236e-06
2.328495688781273386e-06
2.352345062326795156e-06
2.376448612125597168e-06
2.400809618584407741e-06
2.425431412150904975e-06
2.450317109981636841e-06
2.475469424276579020e-06
2.500891757849284060e-06
2.526587612246664082e-06
2.552560878844245458e-06
2.578815082176757625e-06
2.605353506951432914e-06
2.632180285656293334e-06
2.659298744057675525e-06
2.686712008013239105e-06
2.714423924125673613e-06
2.742438166576562995e-06
2.770758888705392263e-06
2.799390359786528650e-06
2.828336802456053947e-06
2.857602003225122013e-06
2.887189700419407918e-06
2.917103629194508329e-06
2.947347484756766357e-06
2.977925041845982622e-06
3.008840179405310826e-06
3.040097106559735679e-06
3.071700005598740990e-06
3.103653153770347909e-06
3.135961109171580053e-06
3.168627746625263305e-06
3.201657301738249982e-06
3.235053856442370645e-06
3.268822079475104686e-06
3.302966109322697698e-06
3.337489902171041176e-06
3.372396478082470759e-06
3.407689669657787688e-06
3.443373043238817634e-06
3.479451203278838602e-06
3.515929792193678052e-06
3.552812831793482420e-06
3.590103985630751233e-06
3.627807431408883321e-06
3.665928363477900220e-06
3.704472076663329915e-06
3.743443574772220783e-06
3.782848129607670341e-06
3.822689016039733274e-06
3.862970963854758655e-06
3.903698447962224743e-06
3.944877217349728006e-06
3.986510874279114430e-06
4.028602771061945057e-06
4.071157657286363322e-06
4.114181774576115906e-06
4.157683191418767721e-06
4.201671178406924999e-06
4.246152265893050612e-06
4.291132055754981014e-06
4.336616451839925256e-06
4.382610848068799979e-06
4.429122044498608063e-06
4.476153996951962548e-06
4.523712831290663643e-06
4.571803894292465170e-06
4.620432429775271104e-06
4.669603772003210112e-06
4.719323579047859005e-06
4.769595713572306334e-06
4.820426547510208066e-06
4.871820513252101430e-06
4.923785355442385514e-06
4.976325111092206563e-06
5.029446693728060760e-06
5.083155659679700820e-06
5.137462443635787769e-06
5.192373883242562136e-06
5.247897967198847879e-06
5.304038442810330864e-06
5.360800044223160294e-06
5.418185075928671070e-06
5.476197598900843412e-06
5.534846155175687089e-06
5.594137628332027660e-06
5.654077854054995441e-06
5.714675410340209145e-06
5.775937324699261609e-06
5.837873053037041618e-06
5.900491290629193059e-06
5.963799673971263410e-06
6.027808205095308282e-06
6.092525193576727709e-06
6.157957931169670994e-06
6.224112497168083694e-06
6.290992576877649543e-06
6.358606858054757805e-06
6.426964663387154911e-06
6.496071560563130064e-06
6.565938627488336239e-06
6.636574862742025204e-06
6.707986850236884970e-06
6.780185755243037470e-06
6.853176559612746253e-06
6.926968145673768846e-06
7.001568488004540999e-06
7.076986910004681887e-06
7.153232074529293587e-06
7.230307012147098776e-06
7.308213792983889566e-06
7.386948935424165840e-06
7.466512727084347230e-06
7.546908518204828968e-06
7.628148983226727202e-06
7.710245360889169132e-06
7.793220319475835050e-06
7.877096208118280682e-06
7.961888520501901563e-06
8.047607453939537066e-06
8.134255572777747742e-06
8.221836787053375285e-06
8.310358738656409153e-06
8.399835057855475361e-06
8.490279389438210307e-06
8.581708599713625994e-06
8.674136021797465215e-06
8.767570888893141170e-06
8.862021243620914223e-06
8.957505785645883289e-06
9.054044844592227316e-06
9.151658059238839137e-06
9.250352272456986201e-06
9.350137733767842178e-06
9.451011820931925038e-06
9.552971734743970228e-06
9.656023662040512772e-06
9.760169295380590813e-06
9.865421091094474647e-06
9.971789207223159612e-06
1.007928884472693636e-05
1.018793859476544116e-05
1.029775476690197778e-05
1.040875186396077566e-05
1.052093765594462241e-05
1.063432019739679203e-05
1.074890628588391567e-05
1.086470788951113489e-05
1.098173527609784574e-05
1.110000156409390862e-05
1.121952097303227244e-05
1.134030812741366635e-05
1.146237749453299763e-05
1.158575046199836287e-05
1.171044570121354740e-05
1.183648208159796354e-05
1.196387291600067798e-05
1.209263151393185686e-05
1.222276258256455349e-05
1.235428445738068909e-05
1.248721988289284427e-05
1.262158638564088847e-05
1.275739960533967988e-05
1.289467911679148074e-05
1.303342864488883376e-05
1.317364566015423496e-05
1.331533023896379476e-05
1.345849571849991367e-05
1.360316026299893698e-05
1.374935153157186208e-05
1.389708894894938972e-05
1.404639278309110567e-05
1.419727247801873288e-05
1.434975066650102994e-05
1.450383429714112771e-05
1.465954204218610228e-05
1.481689268067862087e-05
1.497589871306395262e-05
1.513657676892789967e-05
1.529893307126028599e-05
1.546297773844699743e-05
1.562873105559238484e-05
1.579622102422610495e-05
1.596548031936981897e-05
1.613653317270935796e-05
1.630939466567235495e-05
1.648406998133772444e-05
1.666057132309070414e-05
1.683891068050938659e-05
1.701911180369524291e-05
1.720119826098333811e-05
1.738518665291220904e-05
1.757109959557284892e-05
1.775895416521368968e-05
1.794874878146626243e-05
1.814048901727240460e-05
1.833418147656014276e-05
1.852983570468887998e-05
1.872748126999030304e-05
1.892714591555374548e-05
1.912886741822840170e-05
1.933267493438478962e-05
1.953858469503382591e-05
1.974660729806051369e-05
1.995675797787400884e-05
2.016904346650136331e-05
2.038348830210474566e-05
2.060011191612803999e-05
2.081894170233675206e-05
2.104002580551749102e-05
2.126339173966773237e-05
2.148906787588462453e-05
2.171703845601803538e-05
2.194729701013226322e-05
2.217985097760615326e-05
2.241472255403196634e-05
2.265192322994030250e-05
2.289146301422474749e-05
2.313334671269548702e-05
2.337758096539294356e-05
2.362417508530693260e-05
2.387316272953838450e-05
2.412457120464667022e-05
2.437843788248741347e-05
2.463477576746761036e-05
2.489360755574239681e-05
2.515496455602409247e-05
2.541886010818348722e-05
2.568532364610875222e-05
2.595438276126354042e-05
2.622606307521311553e-05
2.650037531916650671e-05
2.677732177694475138e-05
2.705691379146524537e-05
2.733913551533488536e-05
2.762396629595891451e-05
2.791138545846609057e-05
2.820138878235303831e-05
2.849398027680249710e-05
2.878917086232880037e-05
2.908697307383476154e-05
2.938740463065218754e-05
2.969045479762981218e-05
2.999613068395526032e-05
3.030445808494343474e-05
3.061544361080793602e-05
3.092909542879977188e-05
3.124541612951312774e-05
3.156444782573245467e-05
3.188623642624160043e-05
3.221084632341001942e-05
3.253832145328511852e-05
3.286871363630063147e-05
3.320206280151099230e-05
3.353838532597365317e-05
3.387767746999585449e-05
3.421990801608021848e-05
3.456504066247916712e-05
3.491302856409449922e-05
3.526382825244715443e-05
3.561741199424862768e-05
3.597375520339242573e-05
3.633283246938555036e-05
3.669461299815727123e-05
3.705903095597028912e-05
3.742601490382291030e-05
3.779552766806763310e-05
3.816754671424080967e-05
3.854202623236096045e-05
3.891891170753393356e-05
3.929816153906268004e-05
3.967974537735854008e-05
4.006363452156420333e-05
4.044978431187665343e-05
4.083816780668931125e-05
4.122874005307079840e-05
4.162148686389116235e-05
4.201641176135036370e-05
4.241351953092850657e-05
4.281282858919878225e-05
4.321438795534334354e-05
4.361819447056928818e-05
4.402418142716138424e-05
4.443233481724989100e-05
4.484258078422413474e-05
4.525484231143126748e-05
4.566903918621172923e-05
4.608504430809505856e-05
4.650274240719054313e-05
4.692197640208154938e-05
4.734254201368765706e-05
4.776425216779192249e-05
4.818693550765897846e-05
4.861055507280164357e-05
4.903512605126865995e-05
4.946065247913189223e-05
4.988715673647618629e-05
5.031459020385541298e-05
5.074291662713036879e-05
5.117214239386088021e-05
5.160234493436599394e-05
5.203360122811810092e-05
5.246591112499867678e-05
5.289912056811614245e-05
5.333297029287899932e-05
5.376718106431799385e-05
5.420153425931057740e-05
5.463583277358261784e-05
5.506983172882612214e-05
5.550330898578668444e-05
5.593612263968605278e-05
5.636818102305925378e-05
5.679931797123738288e-05
5.722952993391677330e-05
5.765890391829393011e-05
5.808742691976765288e-05
5.851512455847637833e-05
5.894193563736216688e-05
5.936779222417020612e-05
5.979260853520687770e-05
6.021634846635820010e-05
6.063893504370332442e-05
6.106007189007461042e-05
6.147930738775855613e-05
6.189617111069185059e-05
6.231044069176273632e-05
6.272225789672505316e-05
6.313197757479687149e-05
6.353987092779533907e-05
6.394627797061080391e-05
6.435131097708073696e-05
6.475509101349310082e-05
6.515748867457011521e-05
6.555804955806476266e-05
6.595610321180770199e-05
6.635113036542944552e-05
6.674271923695428805e-05
6.713077393088171842e-05
6.751556894358727676e-05
6.789775251549554525e-05
6.827837912730131613e-05
6.865844824525266167e-05
6.903844021233343552e-05
6.941821975599133635e-05
6.979671622696496426e-05
7.017240344695897857e-05
7.054415673400060943e-05
7.091124215439602166e-05
7.127385615963675056e-05
7.163273526023428324e-05
7.198861671407121173e-05
7.234286202526434082e-05
7.269678921647075023e-05
7.305159887272569090e-05
7.340749445224742636e-05
7.376407547839417195e-05
7.412032814026061169e-05
7.447475914531513782e-05
7.482602801843557191e-05
7.517318997837785753e-05
7.551612713994879686e-05
7.585558876110773613e-05
7.619272248040370103e-05
7.652948882117444106e-05
7.686712677381566912e-05
7.720610783909821208e-05
7.754640723229097197e-05
7.788702279349607569e-05
7.822608056134960333e-05
7.856157034597827267e-05
7.889256293742191359e-05
7.921874125012613895e-05
7.954102022165604479e-05
7.986009921339482160e-05
8.017669540526094912e-05
8.049170035779678017e-05
8.080579031413215405e-05
8.111922362729087307e-05
8.143142081540103957e-05
8.174306721442343255e-05
8.205143581315893508e-05
8.235429019123028955e-05
8.265277297531398572e-05
8.294659487539882017e-05
8.323475714487772866e-05
8.351726675134759368e-05
8.379172561701020113e-05
8.405346340828615339e-05
8.430187033338099869e-05
8.454558672001669844e-05
8.478705228741120347e-05
8.502406078498197855e-05
8.526079596270955509e-05
8.550012611776330504e-05
8.573158215385505269e-05
8.595261763738437221e-05
8.616303458842264275e-05
8.636253916751353038e-05
8.655219547211822208e-05
8.672902514959406626e-05
8.689223643580926604e-05
8.704388476815080660e-05
8.718632672511326118e-05
8.732241143086978967e-05
8.745662709355713296e-05
8.759012104381470800e-05
8.772235499312347733e-05
8.784993476057965565e-05
8.796804492516971299e-05
8.807126582346503729e-05
8.815862636762880373e-05
8.823301960402216170e-05
8.829837648242935236e-05
8.835992505869223008e-05
8.841718195449495927e-05
8.847047863845204543e-05
8.852453438845560025e-05
8.857769522106293133e-05
8.861977156107525664e-05
8.864817815604596868e-05
8.866885443803268192e-05
8.868486717272740412e-05
8.869631001726463264e-05
8.870434909155665640e-05
8.871241300495267970e-05
8.872050851785184139e-05
8.872592105999106899e-05
8.872790174956792625e-05
8.872652580573894593e-05
8.872697200372836406e-05
8.872838550338227651e-05
8.872934141122129897e-05
8.872508772277795024e-05
8.872045652345830953e-05
8.872314283642341833e-05
8.873511345690867312e-05
8.875640293421373369e-05
8.878652949071594812e-05
8.882547717774743365e-05
8.887250354971212602e-05
8.892413731371633719e-05
8.898145918960027802e-05
8.904408125853536518e-05
8.911380127041607807e-05
8.919693281439445773e-05
8.929719049261428620e-05
8.941584160724159005e-05
8.955243782526623461e-05
8.970156000767407693e-05
8.986038218176011286e-05
9.003184338465228297e-05
9.022144245560874756e-05
9.043145071915583398e-05
9.065985789867693045e-05
9.090314258983179466e-05
9.116343948597542481e-05
9.144345078175287979e-05
9.174816338318521228e-05
9.207653244731058386e-05
9.242586164491830810e-05
9.279511780435456385e-05
9.318490245310597213e-05
9.359379392464526074e-05
9.402460587574751458e-05
9.448006764000191999e-05
9.496048498068225378e-05
9.546580329055600245e-05
9.599471461226618792e-05
9.654691371743003969e-05
9.712188458143732224e-05
9.771697011898939711e-05
9.833124408129731940e-05
9.896594624755802308e-05
9.962876342569466567e-05
1.003192980632862375e-04
1.010382096400957601e-04
1.017829436624434161e-04
1.025510277138437672e-04
1.033396841782026527e-04
1.041481986018431887e-04
1.049771919877532316e-04
1.058271312903433448e-04
1.066992689358311542e-04
1.075956989579967621e-04
1.085176964464620966e-04
1.094642827594349333e-04
1.104351503594641328e-04
1.114284893124522417e-04
1.124449003528032949e-04
1.134828316174468440e-04
1.145421282978203678e-04
1.156227136486158408e-04
1.167241840525052405e-04
1.178463021773326858e-04
1.189892675176280402e-04
1.201527102742052527e-04
1.213359629334995557e-04
1.225383222874686020e-04
1.237590850410817396e-04
1.249983356277137975e-04
1.262549374284494420e-04
1.275289203269990338e-04
1.288208634319324818e-04
1.301304411076160126e-04
1.314567687009188192e-04
1.328004264022192814e-04
1.341613708461532296e-04
1.355393566347211896e-04
1.369339775499710905e-04
1.383445642589014733e-04
1.397706598312155974e-04
1.412125174056270125e-04
1.426710675310747839e-04
1.441462030146626423e-04
1.456375284707581771e-04
1.471446958100023749e-04
1.486679826136621271e-04
1.502079673214967682e-04
1.517644722623469648e-04
1.533381056581706228e-04
1.549296118232116617e-04
1.565394848666472663e-04
1.581670890311921869e-04
1.598124027900178182e-04
1.614760394728620961e-04
1.631586862201113051e-04
1.648604312481388875e-04
1.665805336381971289e-04
1.683189107343650219e-04
1.700758894555057222e-04
1.718520277549989358e-04
1.736471661756940543e-04
1.754609906813871354e-04
1.772937524819629415e-04
1.791459640945244219e-04
1.810176234504165147e-04
1.829089090534995134e-04
1.848205506355597542e-04
1.867521654853321876e-04
1.887038577613256982e-04
1.906758954362057468e-04
1.926685949086985085e-04
1.946824041890046167e-04
1.967168245432258434e-04
1.987711729585769970e-04
2.008453117423658954e-04
2.029399668231892328e-04
2.050559447254257043e-04
2.071932836021515216e-04
2.093512558401107698e-04
2.115296278677707012e-04
2.137674156356457347e-04
2.160455844650132750e-04
2.182891623747222122e-04
2.205510988198440818e-04
2.228316394028987053e-04
2.250556866701903733e-04
2.273730455111094004e-04
2.297094668630767682e-04
2.320629892770237454e-04
2.344325453250879505e-04
2.368717161075457823e-04
2.393188488164284960e-04
2.416891819603040931e-04
2.440641543251679602e-04
2.465075525137167206e-04
2.489637011947538393e-04
2.514330384688043848e-04
2.539150564901785940e-04
2.564096045735417598e-04
2.589166107162469278e-04
2.614364893227250075e-04
2.639691982750940629e-04
2.665142602802408043e-04
2.690709192930528654e-04
2.716388014939715508e-04
2.742180357176598506e-04
2.768084421018056547e-04
2.794101260736246944e-04
2.820227695376327720e-04
2.846462209321029601e-04
2.872805220898768655e-04
2.899258636494442373e-04
2.925824399553471084e-04
2.953651568469953682e-04
2.980526172186345854e-04
3.007473606278776297e-04
3.034516264671905067e-04
3.061665881331694671e-04
3.088928320222600723e-04
3.116302346647791682e-04
