1.107164483800607130e-07
1.107263912626612746e-07
1.107227599981490158e-07
1.107174782018271973e-07
1.107098863012740288e-07
1.106998679865790173e-07
1.106922456268153906e-07
1.106829854502170277e-07
1.106616306761744471e-07
1.106407207638296102e-07
1.106183225828002865e-07
1.105986568304845633e-07
1.105734940736596383e-07
1.105479970284370739e-07
1.105215121168953297e-07
1.104928752853385252e-07
1.104645512864078751e-07
1.104383690648180593e-07
1.104113618338967710e-07
1.103829379176909133e-07
1.103540497627519009e-07
1.103263949789523379e-07
1.103020298721228208e-07
1.102782835624933490e-07
1.102575565024876427e-07
1.102391745197922315e-07
1.102236810033595204e-07
1.102122465968122415e-07
1.102041047753834018e-07
1.101983803683263153e-07
1.101966578215045030e-07
1.101996940376766964e-07
1.102073119629487232e-07
1.102211685208546863e-07
1.102405426491384632e-07
1.102641860320583048e-07
1.102907811883776437e-07
1.103200818326049459e-07
1.103529516775809520e-07
1.103893205280192490e-07
1.104295127785614311e-07
1.104727346859769121e-07
1.105184321067027151e-07
1.105660770655856555e-07
1.106127792017188764e-07
1.106570665584992312e-07
1.106982225049954855e-07
1.107360736158557322e-07
1.107701593049915368e-07
1.107990325869382942e-07
1.108223101675361662e-07
1.108377083912831799e-07
1.108434634031879549e-07
1.108384411902921997e-07
1.108213779215270875e-07
1.107915251641045747e-07
1.107472860701544426e-07
1.106874754900766201e-07
1.106110974769449079e-07
1.105176959478422057e-07
1.104071997165911021e-07
1.102771318112178804e-07
1.101268166019667925e-07
1.099548784295421354e-07
1.097598608319098025e-07
1.095419649595396924e-07
1.093003826754038380e-07
1.090349925020908967e-07
1.087433508965084151e-07
1.084273522483292434e-07
1.080895080552439776e-07
1.077288367222960022e-07
1.073452125701553873e-07
1.069374157688465221e-07
1.065058393068386373e-07
1.060530917376832728e-07
1.055787806650722224e-07
1.050835277359691348e-07
1.045681473152138923e-07
1.040324722769517882e-07
1.034780447874023400e-07
1.029061756971883005e-07
1.023178204302021566e-07
1.017134107427522964e-07
1.010948012247343704e-07
1.004636445309436749e-07
9.982229508825223391e-08
9.917011991996186413e-08
9.850943431756662622e-08
9.784172140821623028e-08
9.716844221841381365e-08
9.649075740031521439e-08
9.581030252687931453e-08
9.512762651540161160e-08
9.444780388076103142e-08
9.377048297330680588e-08
9.309807456120017838e-08
9.243223722225750422e-08
9.177545362738853101e-08
9.112853008862287088e-08
9.049432077243742803e-08
8.987468106085945953e-08
8.927355831891669982e-08
8.869086880636387211e-08
8.812901118280021331e-08
8.758851934335275260e-08
8.707336191943050844e-08
8.658665406681451004e-08
8.613046351917304555e-08
8.570687747789099095e-08
8.531756019030069734e-08
8.496446781706663448e-08
8.464910370026847053e-08
8.437345546002393113e-08
8.413944725348882715e-08
8.394887543779007997e-08
8.380493417450241955e-08
8.370800359971128620e-08
8.365913590616146675e-08
8.365929405662702712e-08
8.370871114857917014e-08
8.380804005715275861e-08
8.395961769141224824e-08
8.416473256391166205e-08
8.442697061657173584e-08
8.474117520823995688e-08
8.511145614561686183e-08
8.553979999717581954e-08
8.602941646730800673e-08
8.658084443087612065e-08
8.719182667898316723e-08
8.786338780272952254e-08
8.859550881304527051e-08
8.938767358199198156e-08
9.024154079038859229e-08
9.115765864784329459e-08
9.214030373205160337e-08
9.319387491706070807e-08
9.431857298246922240e-08
9.553344188566454255e-08
9.680294551612059622e-08
9.818009927408751174e-08
9.960598114614622687e-08
1.011097833833363975e-07
1.027176875923800188e-07
1.044319591192688583e-07
1.062616297644577762e-07
1.081894327449752665e-07
1.102056063723232063e-07
1.122822511370715267e-07
1.144303582078255567e-07
1.166322470909954039e-07
1.188716599757939869e-07
1.211489715908390931e-07
1.234637341353010866e-07
1.258149258844942346e-07
1.281982772290538223e-07
1.306111846240984645e-07
1.330520503051716130e-07
1.355209725092063143e-07
1.380184994152554365e-07
1.405445875760706043e-07
1.431016398810967418e-07
1.456827964684339652e-07
1.482959672651189891e-07
1.509405459802944889e-07
1.536141495428376338e-07
1.563193981832332636e-07
1.590515695927589624e-07
1.618119086141637415e-07
1.646002612352841786e-07
1.674171452461965511e-07
1.702630145902193258e-07
1.731385533870120726e-07
1.760467603495716795e-07
1.789865075411380875e-07
1.819573170996608158e-07
1.849634655289161773e-07
1.879986332462290965e-07
1.910664327561296663e-07
1.941704395152137213e-07
1.973069848615906935e-07
2.004781126214889179e-07
2.036853709690526550e-07
2.069290800614794366e-07
2.102095517311904054e-07
2.135271883285687362e-07
2.168841023083846034e-07
2.202772673619688331e-07
2.237047188459076771e-07
2.271725182876017164e-07
2.306710471422903912e-07
2.341969190154844902e-07
2.377575266510085906e-07
2.413409345486774657e-07
2.449470791922921210e-07
2.485764865163810677e-07
2.522277328203581404e-07
2.559021979490619674e-07
2.595967651024587328e-07
2.633222363589502386e-07
2.670727193267436858e-07
2.708497499323675556e-07
2.746645594765678609e-07
2.785144222707979922e-07
2.824016293487123676e-07
2.863411628321114973e-07
2.903258857864572089e-07
2.943575102073159366e-07
2.984514825259125975e-07
3.026022469508894215e-07
3.068145846701488944e-07
3.110893216880321446e-07
3.154350013350901470e-07
3.198494549841082097e-07
3.243375901679335435e-07
3.288996965546819568e-07
3.335322777439845574e-07
3.382338888112090656e-07
3.430035003396292735e-07
3.478311217089075510e-07
3.527034003307571812e-07
3.576168928990713666e-07
3.625628541741653415e-07
3.675340921869917647e-07
3.725488514819006532e-07
3.775909296245317551e-07
3.826679477692470948e-07
3.877813147986458171e-07
3.929312307891144493e-07
3.981192711264443604e-07
4.033469803209871311e-07
4.086163628510572013e-07
4.139296848993553569e-07
4.192890579314053283e-07
4.246968598194247811e-07
4.301556119630599396e-07
4.356679687778990415e-07
4.412368582306969771e-07
4.468651569162618318e-07
4.525556979747843940e-07
4.583116503758253777e-07
4.641366705350151954e-07
4.700334591920496148e-07
4.760035337294359538e-07
4.820548607879736339e-07
4.881988444706896240e-07
4.944264123206103039e-07
5.007414597607266107e-07
5.071550173175879886e-07
5.136586859425672551e-07
5.202499778435936088e-07
5.269304692701144408e-07
5.337011954312324822e-07
5.405627365511032363e-07
5.475157135838414754e-07
5.545608115951939463e-07
5.616986077830334503e-07
5.689295972350647391e-07
5.762541774609014372e-07
5.836726744626770270e-07
5.911851724023053373e-07
5.987916609835208885e-07
6.064919776184397699e-07
6.142858379037591308e-07
6.221727556111301488e-07
6.301520401843479361e-07
6.382228521214910765e-07
6.463841963992744131e-07
6.546350438051136133e-07
6.629742777509350645e-07
6.714006943041278345e-07
6.799130627249072024e-07
6.885100693814094612e-07
6.971904012303572640e-07
7.059527904893849860e-07
7.147961860285572428e-07
7.237197143942245849e-07
7.327227137426770130e-07
7.418047148467048137e-07
7.509654408504088859e-07
7.602048610974764413e-07
7.695231678027245197e-07
7.789208534070701775e-07
7.883985040540127683e-07
7.979569505672504808e-07
8.075971392942477083e-07
8.173201708623259124e-07
8.271272023398687775e-07
8.370195325318908550e-07
8.469985811240725806e-07
8.570658682781175283e-07
8.672229203524411552e-07
8.774713715460039811e-07
8.878128778512302214e-07
8.982491689129257439e-07
9.087819371204023462e-07
9.194130953532727751e-07
9.301445270854981822e-07
9.409780806513784705e-07
9.519155820364344120e-07
9.629589637479612592e-07
9.741102119851374374e-07
9.853712554442833274e-07
9.967440190455147175e-07
1.008230511552167408e-06
1.019832694901601747e-06
1.031552440724615358e-06
1.043391541013552268e-06
1.055351846712285156e-06
1.067435302198704916e-06
1.079643748727472012e-06
1.091978947031309150e-06
1.104442677431265851e-06
1.117036394428110725e-06
1.129761621962542807e-06
1.142619890889666043e-06
1.155612670776306550e-06
1.168741460576379422e-06
1.182007779541457154e-06
1.195413017970024375e-06
1.208958550976385230e-06
1.222645699997219957e-06
1.236475680722725586e-06
1.250449594687068697e-06
1.264568764998069632e-06
1.278834356899205991e-06
1.293247539428998824e-06
1.307809554497443318e-06
1.322521735208760806e-06
1.337385573122053393e-06
1.352402617382836900e-06
1.367574461075418165e-06
1.382902859699510324e-06
1.398389758055559153e-06
1.414036915800119082e-06
1.429846318094541099e-06
1.445820033275645193e-06
1.461960150031348277e-06
1.478268959363320433e-06
1.494748699730655709e-06
1.511401716282078408e-06
1.528230337028987663e-06
1.545236985344260084e-06
1.562424350555458042e-06
1.579795124144439862e-06
1.597352170244350665e-06
1.615098180069159994e-06
1.633035801487161502e-06
1.651167731732385671e-06
1.669496771155420911e-06
1.688025570170227132e-06
1.706756645516365126e-06
1.725692289581910081e-06
1.744834891179488024e-06
1.764186265266132274e-06
1.783748834260254976e-06
1.803525389002257826e-06
1.823519755163479024e-06
1.843735368581449575e-06
1.864176236803068614e-06
1.884847233116713373e-06
1.905753379472281223e-06
1.926899078912534395e-06
1.948288314309960917e-06
1.969924446920677308e-06
1.991810771660301500e-06
2.013950334657377769e-06
2.036346286213730838e-06
2.059002046680059577e-06
2.081921239020480401e-06
2.105107799242311130e-06
2.128565389819985025e-06
2.152297602796116638e-06
2.176308246491203592e-06
2.200601384931619870e-06
2.225180992076868210e-06
2.250050875570325553e-06
2.275214967641838390e-06
2.300677433897469985e-06
2.326442103874887862e-06
2.352513447036278101e-06
2.378896046209278181e-06
2.405594248209141528e-06
2.432611995853779783e-06
2.459953415873728304e-06
2.487623117370948353e-06
2.515625584982931922e-06
2.543965448678968627e-06
2.572647607720283519e-06
2.601676761597087809e-06
2.631057323915945834e-06
2.660793681671469544e-06
2.690890836490855744e-06
2.721353410157047195e-06
2.752186662591210142e-06
2.783395317073371432e-06
2.814984815509931008e-06
2.846959598732242402e-06
2.879325347354168455e-06
2.912087556270679332e-06
2.945251116280494230e-06
2.978821342299938482e-06
3.012803130163301921e-06
3.047201700832671128e-06
3.082022634228440165e-06
3.117271608940603959e-06
3.152953891963872519e-06
3.189074947181963383e-06
3.225640360351851934e-06
3.262655873910346574e-06
3.300127053543499698e-06
3.338059593785167911e-06
3.376459018635479671e-06
3.415330245805572021e-06
3.454679105237744835e-06
3.494511267859550042e-06
3.534833066274143385e-06
3.575650886250506451e-06
3.616971177090703891e-06
3.658800179552006217e-06
3.701144478033943368e-06
3.744010332472450692e-06
3.787404248244011661e-06
3.831332711474743998e-06
3.875802427806608121e-06
3.920820484755573706e-06
3.966394065407437047e-06
4.012530523430729796e-06
4.059237198000840757e-06
4.106521573152954453e-06
4.154391002269688257e-06
4.202852649751699917e-06
4.251913232669155644e-06
4.301579498876940398e-06
4.351858705236482514e-06
4.402758071550528703e-06
4.454285505783877434e-06
4.506449066959038301e-06
4.559256973786689687e-06
4.612716929119151918e-06
4.666836728140978656e-06
4.721624473838660850e-06
4.777088241845019108e-06
4.833236778973878624e-06
4.890078112431153533e-06
4.947619726738869858e-06
5.005868907693642669e-06
5.064832232469049803e-06
5.124516567266387076e-06
5.184930492372678587e-06
5.246082171689002291e-06
5.307978904599519295e-06
5.370626928322218258e-06
5.434035397033207455e-06
5.498214238981922433e-06
5.563173784641565763e-06
5.628925852499241835e-06
5.695482111521644339e-06
5.762852187315553452e-06
5.831044830589825403e-06
5.900068501265969655e-06
5.969933123199989762e-06
6.040646113532636457e-06
6.112214655036207285e-06
6.184648351352166438e-06
6.257958343474256533e-06
6.332157676402756872e-06
6.407259703966405813e-06
6.483277802851595051e-06
6.560223922018336201e-06
6.638108441691382640e-06
6.716942279735561467e-06
6.796735825162720444e-06
6.877498900636438999e-06
6.959241727778245894e-06
7.041976021215684899e-06
7.125712437621818248e-06
7.210462764518048595e-06
7.296238088589299256e-06
7.383046590845719303e-06
7.470899531418934881e-06
7.559806848505628149e-06
7.649782572198145464e-06
7.740838268440561291e-06
7.832987407031290206e-06
7.926242361533028784e-06
8.020616766704909248e-06
8.116122259891285821e-06
8.212773011600099117e-06
8.310580753702223830e-06
8.409557712953188877e-06
8.509713396990115363e-06
8.611059046992963498e-06
8.713609291979604429e-06
8.817377425235488092e-06
8.922376185340590907e-06
9.028621124079407875e-06
9.136126125783620121e-06
9.244907281920827980e-06
9.354980519730462962e-06
9.466360475068976005e-06
9.579064835703545491e-06
9.693109390774799636e-06
9.808508176276168524e-06
9.925274753453438626e-06
1.004342077634348989e-05
1.016295973917498907e-05
1.028391029671923684e-05
1.040628571770208313e-05
1.053010412150349862e-05
1.065538383782117748e-05
1.078214158112938812e-05
1.091039587459104841e-05
1.104015982756119389e-05
1.117144899677234386e-05
1.130427795575435240e-05
1.143866548908845387e-05
1.157462674250809432e-05
1.171217446684745708e-05
1.185131805362840240e-05
1.199206232408413922e-05
1.213441722885355558e-05
1.227839615530018569e-05
1.242402420125894558e-05
1.257132435655282883e-05
1.272033005000601261e-05
1.287107157329492290e-05
1.302357712249517794e-05
1.317786934374885668e-05
1.333396000942410244e-05
1.349185872297137942e-05
1.365158049937950757e-05
1.381314452764248825e-05
1.397657546757436985e-05
1.414189837614143683e-05
1.430913798681506706e-05
1.447831874446290960e-05
1.464946021692750763e-05
1.482259227375123394e-05
1.499774649908771937e-05
1.517495352961905219e-05
1.535423598111692640e-05
1.553561642995617500e-05
1.571910496950345659e-05
1.590471120083675370e-05
1.609244838237539212e-05
1.628233138333165826e-05
1.647438433430140937e-05
1.666863211075181349e-05
1.686510298578668929e-05
1.706382461996075776e-05
1.726482602247823736e-05
1.746813848619001717e-05
1.767378192877548722e-05
1.788177896294699910e-05
1.809215269816640673e-05
1.830491619983164560e-05
1.852008803244878488e-05
1.873769707887223553e-05
1.895777687890461952e-05
1.918036733354685312e-05
1.940550496835788771e-05
1.963321799243141798e-05
1.986352654407102901e-05
2.009645489551306158e-05
2.033202690151924175e-05
2.057027540740651023e-05
2.081124103570347928e-05
2.105496294343915773e-05
2.130147503017608835e-05
2.155080471427754256e-05
2.180299071735458533e-05
2.205806302492531012e-05
2.231605861353021911e-05
2.257700694759711408e-05
2.284093220344699131e-05
2.310785905641665381e-05
2.337781605468205722e-05
2.365083488458712228e-05
2.392695142714087246e-05
2.420619987861418379e-05
2.448861446873285038e-05
2.477422742185475890e-05
2.506307357485717180e-05
2.535519364541791808e-05
2.565063293675613418e-05
2.594941909504701840e-05
2.625158158007563245e-05
2.655715173799929493e-05
2.686615597971078265e-05
2.717863238859021709e-05
2.749462163587405411e-05
2.781416336746016273e-05
2.813729184936002915e-05
2.846404272347223506e-05
2.879446038917863625e-05
2.912858144963477414e-05
2.946644913866964117e-05
2.980809681428060824e-05
3.015356255031103591e-05
3.050288594182172226e-05
3.085610464385744645e-05
3.121326336841448023e-05
3.157440246486860103e-05
3.193956472554201193e-05
3.230879720807473772e-05
3.268213544222635988e-05
3.305960400055751235e-05
3.344123628723623084e-05
3.382707732084651623e-05
3.421715704859879724e-05
3.461151135797208397e-05
3.501017402102794650e-05
3.541319406994987673e-05
3.582061364109985371e-05
3.623248237413998889e-05
3.664884223825531332e-05
3.706974799060233866e-05
3.749525500880143485e-05
3.792542531689736980e-05
3.836031766261820705e-05
3.879995163659498458e-05
3.924435124982687817e-05
3.969354433804453620e-05
4.014756767421690588e-05
4.060645340369772855e-05
4.107023014829634710e-05
4.153891968355084672e-05
4.201255205765480215e-05
4.249117734312980900e-05
4.297484566310476095e-05
4.346362532010857396e-05
4.395758229459517050e-05
4.445677287734203689e-05
4.496123997980876929e-05
4.547103892847976229e-05
4.598620553274221644e-05
4.650678919186685041e-05
4.703282956120872723e-05
4.756436575143772270e-05
4.810143494454951905e-05
4.864405792929028837e-05
4.919225651194360260e-05
4.974602834757994722e-05
5.030537434368633908e-05
5.087030252012882657e-05
5.144085384679628167e-05
5.201706109839035821e-05
5.259894768152707063e-05
5.318656103790576450e-05
5.377993978953350126e-05
5.437909889555385103e-05
5.498406478252869389e-05
5.559486013462321114e-05
5.621152347991016375e-05
5.683406331015151925e-05
5.746248797124767801e-05
5.809682337330490811e-05
5.873711670464777358e-05
5.938343562469131201e-05
6.003584077826880832e-05
6.069439459252851148e-05
6.135915263363261407e-05
6.203014576695574400e-05
6.270735881277214553e-05
6.339075927872966671e-05
6.408031593106192048e-05
6.477597580376799114e-05
6.547770617432993254e-05
6.618546184139256685e-05
6.689920995424701946e-05
6.761891304494831113e-05
6.834453342338819176e-05
6.907601126541214711e-05
6.981329751778863485e-05
7.055636771394485781e-05
7.130519276485783688e-05
7.205970700051569033e-05
7.281984410461798528e-05
7.358553529478994710e-05
7.435673446710180630e-05
7.513339071961837594e-05
7.591545271017626580e-05
7.670287612468441006e-05
7.749563252980151533e-05
7.829373872374386907e-05
7.909723725594014628e-05
7.990614076360432188e-05
8.072043880163609901e-05
8.154013623327789552e-05
8.236516129609139380e-05
8.319542151282511070e-05
8.403085964664361708e-05
8.487136275692014570e-05
8.571677984456783222e-05
8.656693757149704017e-05
8.742159319300658502e-05
8.828052990626550269e-05
8.914348594869034184e-05
9.001014048404736923e-05
9.088023551767027771e-05
9.175354678153224263e-05
9.262994829735005239e-05
9.350934697415375649e-05
9.439163568754556941e-05
9.527675336319273906e-05
9.616458117450173539e-05
9.705503915261014800e-05
9.794808060131912153e-05
9.884370068267454910e-05
9.974189095417325087e-05
1.006425831325857330e-04
1.015455466700663427e-04
1.024503863407350213e-04
1.033566586395956536e-04
1.042639475938502710e-04
1.051718441379475709e-04
1.060799135567633852e-04
1.069878106810109929e-04
1.078952704127660955e-04
1.088020828549765752e-04
1.097080196404902710e-04
1.106129450786635932e-04
1.115167112896250939e-04
1.124191511204400504e-04
1.133200406726998062e-04
1.142191102421277488e-04
1.151161187179989870e-04
1.160107177449533919e-04
1.169025703486805426e-04
1.177913254682896730e-04
1.186766032742198588e-04
1.195579683456353604e-04
1.204349294839207585e-04
1.213069983307743928e-04
1.221738084119391402e-04
1.230351165927719126e-04
1.238905162592659223e-04
1.247396449276459956e-04
1.255820499694614077e-04
1.264175333914422674e-04
1.272458579415960544e-04
1.280666310915777627e-04
1.288795580025759325e-04
1.296843692164522527e-04
1.304806600583934787e-04
1.312682387973218459e-04
1.320468733592953137e-04
1.328162608429151489e-04
1.335760160296848187e-04
1.343258348816204605e-04
1.350655768207644609e-04
1.357949882485659423e-04
1.365133577041116640e-04
1.372196785528356398e-04
1.379133659851255393e-04
1.385938330503190270e-04
1.392606849110595538e-04
1.399139507977260606e-04
1.405535710744360792e-04
1.411798807295463521e-04
1.417928284739052426e-04
1.423923148053572935e-04
1.429779492606649428e-04
1.435492065075757735e-04
1.441054124209627002e-04
1.446461685792019866e-04
1.451711234377248952e-04
1.456800714387397719e-04
1.461725789858303853e-04
1.466480773806638435e-04
1.471062341776511854e-04
1.475469462585056609e-04
1.479705470005308974e-04
1.483770309487673314e-04
1.487661810112207066e-04
1.491375739836314361e-04
1.494910011696112785e-04
1.498262459645088634e-04
1.501432173856644169e-04
1.504414869151915620e-04
1.507204587402170848e-04
1.509797341236209488e-04
1.512187870266159715e-04
1.514372197369748794e-04
1.516347384447075549e-04
1.518120270541970201e-04
1.519694563268213629e-04
1.521069376506974525e-04
1.522243243019009648e-04
1.523216168018991549e-04
1.523983119095817811e-04
1.524535363569531942e-04
1.524869398066370705e-04
1.524986356805529443e-04
1.524891154373619905e-04
1.524585925294009612e-04
1.524072472272524975e-04
1.523352398216750218e-04
1.522420234526115131e-04
1.521271208968173803e-04
1.519904259969519472e-04
1.518321745190281274e-04
1.516523139099046119e-04
1.514506539258592306e-04
1.512268313055054091e-04
1.509806521390508443e-04
1.507126795651549654e-04
1.504243436287102797e-04
1.501159130880213796e-04
1.497882014535759445e-04
1.494425387068322995e-04
1.490793036636125254e-04
1.486976363332241668e-04
1.482977242558649504e-04
1.478799237883106972e-04
1.474436649150577235e-04
1.469885617389175305e-04
1.465150280090905463e-04
1.460241396929265478e-04
1.455160590621064635e-04
1.449926339340488199e-04
1.444560655922346338e-04
1.439079977144751949e-04
1.433481921439653541e-04
1.427768959177598508e-04
1.421941635071445381e-04
1.416003754470492092e-04
1.409962796788322343e-04
1.403827519986891343e-04
1.397601201959210366e-04
1.391295142648378428e-04
1.384916231227136375e-04
1.378465736262573420e-04
1.371951973729528646e-04
1.365384259199463519e-04
1.358774507832236967e-04
1.352133571071854510e-04
1.345468870073346704e-04
1.338781678017148327e-04
1.332075302475056126e-04
1.325348628986232845e-04
1.318603877634149388e-04
1.311846195154895637e-04
1.305083436628542146e-04
1.298317955308389419e-04
1.291555406434321965e-04
1.284793344378292921e-04
1.278041789835827001e-04
1.271309677697809635e-04
1.264601042803332890e-04
1.257912482463479460e-04
1.251230965927084017e-04
1.244550898130773991e-04
1.237868026380575229e-04
1.231187175387183524e-04
1.224518761700326959e-04
1.217873349797068874e-04
1.211249690017413287e-04
1.204650288545641164e-04
1.198073936456705982e-04
1.191522480027230131e-04
1.184983438714521222e-04
1.178434193799105493e-04
1.171859377739166907e-04
1.165247631339299205e-04
1.158604923964960052e-04
1.151940766408788598e-04
1.145268172186641531e-04
1.138593102651466591e-04
1.131897825547174277e-04
1.125164772916260945e-04
1.118381953102702173e-04
1.111544143078512778e-04
1.104640666985523529e-04
1.097665654170863802e-04
1.090617853768615861e-04
1.083489681715135277e-04
1.076263031155759767e-04
1.068923157745128670e-04
1.061460987480099689e-04
1.053856712061883213e-04
1.046099435467880248e-04
1.038191808390980263e-04
1.030144640709909317e-04
1.021955149626360980e-04
1.013615063619514135e-04
1.005127224113042686e-04
9.964852474328459656e-05
9.876789329400386980e-05
9.786977353310186481e-05
9.695409857376313223e-05
9.602055633608027772e-05
9.506870570397251839e-05
9.409844579890620547e-05
9.311004171637957214e-05
9.210498309637600513e-05
9.108531052144290898e-05
9.005326898017174044e-05
8.901225186707371374e-05
8.796401132851756476e-05
8.690491112673796078e-05
8.583089919805298189e-05
8.475435523987998791e-05
8.368075987168616104e-05
8.259824767152949593e-05
8.150987341978528991e-05
8.042229146410241592e-05
7.934348011027772204e-05
7.825895970337808235e-05
7.717958746149824404e-05
7.610418286356631853e-05
7.503207087492460453e-05
7.396712446667046885e-05
7.291121453842393913e-05
7.186503313458980245e-05
7.083095871341251566e-05
6.981254634762798852e-05
6.881440678716090390e-05
6.784231635250864765e-05
6.690273511833025343e-05
6.600276360032246827e-05
6.515121716840768730e-05
6.435938183487159429e-05
6.364560407389305730e-05
6.302665144490556340e-05
6.249037591119307620e-05
6.205720365502103483e-05
6.172474899712822912e-05
6.146293959060890539e-05
6.125572608592378938e-05
6.109287575034273103e-05
6.096843771082726950e-05
6.087780275875091861e-05
6.081545869931266368e-05
6.077693035665580548e-05
6.075977759609535494e-05
6.076308000924648234e-05
6.078719609566859234e-05
6.083262488328716690e-05
6.089804771767931422e-05
6.098620497367282956e-05
6.109777642347947936e-05
6.123375691143876037e-05
6.139722289550452535e-05
6.158161634888666104e-05
6.179004821702649810e-05
6.203289353968582378e-05
6.230763891426823744e-05
6.263413240049407553e-05
6.300470579794758825e-05
6.339554097794398567e-05
6.381691552092365305e-05
6.427980289258044947e-05
6.476618068799002478e-05
6.529276547402564827e-05
6.586866498994200484e-05
6.647383649336650240e-05
6.711319670246836588e-05
6.778484870605015419e-05
6.851096851210014245e-05
6.925843354781379942e-05
6.999484978215934786e-05
7.075540381061639717e-05
7.152753258765527373e-05
7.233578615995829054e-05
7.313630264379168623e-05
7.395119221598993461e-05
7.477467354921284973e-05
7.560870333727398606e-05
7.643752015246196906e-05
7.728241187369589847e-05
7.815715555585755992e-05
7.905799924238796962e-05
7.993862206472546108e-05
8.081823279156987263e-05
8.170517435307985700e-05
8.259560846176113708e-05
8.348336002068974695e-05
8.437859187223321509e-05
8.527254868861727961e-05
8.616527607229050210e-05
8.706473280871519023e-05
8.796098542273556270e-05
8.885959362059043848e-05
8.976285014712596781e-05
9.066233331418872962e-05
9.156870098739734818e-05
9.247660583333308572e-05
9.338076869368127568e-05
9.429874406041070757e-05
9.521627858762367759e-05
9.613847754950012733e-05
9.709696347915517550e-05
9.803579077454425397e-05
9.898398462238046597e-05
9.994205953884823001e-05
1.009112883055658595e-04
1.018933936997727153e-04
1.028896013339479379e-04
