1.107327094318906181e-07
1.107325673470850320e-07
1.107328294150920739e-07
1.107358378142841098e-07
1.107445644212963705e-07
1.107601863669278636e-07
1.107808847374718235e-07
1.108021916068616981e-07
1.108189222440428343e-07
1.108269288430294532e-07
1.108247723716859931e-07
1.108131496194589763e-07
1.107955784204546607e-07
1.107766843119364315e-07
1.107597067452275671e-07
1.107443878867704423e-07
1.107369653646588537e-07
1.107337135259588306e-07
1.107322890470477350e-07
1.107305912388769357e-07
1.107271257416631070e-07
1.107214694031223388e-07
1.107135204891202611e-07
1.107041180296351296e-07
1.106943467672614319e-07
1.106845111440814834e-07
1.106743893840143482e-07
1.106642348461912936e-07
1.106537452764574266e-07
1.106438263794459570e-07
1.106316456438173192e-07
1.106189583189016174e-07
1.106061619109968318e-07
1.105926022655592834e-07
1.105777623453288040e-07
1.105620382050590663e-07
1.105458625353159338e-07
1.105291484352293817e-07
1.105124984213275391e-07
1.104936507382512033e-07
1.104738647342653434e-07
1.104540947490588576e-07
1.104339475128499162e-07
1.104136407970175473e-07
1.103929217942133285e-07
1.103714157518911752e-07
1.103490764834709368e-07
1.103256947444930641e-07
1.103013836423518055e-07
1.102758756658303495e-07
1.102500734195156704e-07
1.102263971512302365e-07
1.101978475935483117e-07
1.101684293051123505e-07
1.101382619852052071e-07
1.101072361332739675e-07
1.100755923551683410e-07
1.100431777050970474e-07
1.100104198480613660e-07
1.099769167617448217e-07
1.099423925420697711e-07
1.099069759064683704e-07
1.098703537965001003e-07
1.098324898117615432e-07
1.097938196119994251e-07
1.097539703931962030e-07
1.097128523273317303e-07
1.096706407692368167e-07
1.096270523986152100e-07
1.095823395684606129e-07
1.095367557179542926e-07
1.094894388668921203e-07
1.094412517917800924e-07
1.093911506297749303e-07
1.093395253912742265e-07
1.092862750164621201e-07
1.092314494721219056e-07
1.091750267173936662e-07
1.091167254587729415e-07
1.090567465936127995e-07
1.089952029121136476e-07
1.089315292695313608e-07
1.088660514276368289e-07
1.087989741958506060e-07
1.087294351687341082e-07
1.086579415110886461e-07
1.085844707342360568e-07
1.085084330657973509e-07
1.084319332243306108e-07
1.083502324117469329e-07
1.082661749135265497e-07
1.081795120964821976e-07
1.080902430291125804e-07
1.079982296413910118e-07
1.079033597931154244e-07
1.078054806596675113e-07
1.077045599033987273e-07
1.076006643639165063e-07
1.074929400025972305e-07
1.073817416379157742e-07
1.072671446854872304e-07
1.071485478315506540e-07
1.070262299316755254e-07
1.069000752153585290e-07
1.067699448506577234e-07
1.066358889415918477e-07
1.064976374350156062e-07
1.063551922542258318e-07
1.062084111641578199e-07
1.060571903625621388e-07
1.059017037134671927e-07
1.057412665176341615e-07
1.055761832242515301e-07
1.054060976508007372e-07
1.052310935328189197e-07
1.050509225386284766e-07
1.048656121005862638e-07
1.046749806609767832e-07
1.044789244675131460e-07
1.042773816280223022e-07
1.040702930179175880e-07
1.038575606117733260e-07
1.036390885205784364e-07
1.034148046982384880e-07
1.031846658129563581e-07
1.029485179242767264e-07
1.027063508342150019e-07
1.024580902786149168e-07
1.022038616573583469e-07
1.019430967556884436e-07
1.016761319396324705e-07
1.014028201356611214e-07
1.011232411775737596e-07
1.008373194755592738e-07
1.005448464376290900e-07
1.002459299327814049e-07
9.994057424079898432e-08
9.962871505945289525e-08
9.931032362067652205e-08
9.898557561110874525e-08
9.865445898745708507e-08
9.831697037106813056e-08
9.797335276498641729e-08
9.762354784320356331e-08
9.726779657052303427e-08
9.690636405697325374e-08
9.653920557036470056e-08
9.616662518556679327e-08
9.578883228364603988e-08
9.540551080893413000e-08
9.501648187540629419e-08
9.462077370741598492e-08
9.421629564226372434e-08
9.380039900713558850e-08
9.337015846319410320e-08
9.292427551932942316e-08
9.246378278018509711e-08
9.199035999288144325e-08
9.150560387326933102e-08
9.101147023594772870e-08
9.050959857712370698e-08
9.000107684530872975e-08
8.948702843015481132e-08
8.896828914543068243e-08
8.844513432519302666e-08
8.791789811777063456e-08
8.738682144988767921e-08
8.685164129232996668e-08
8.631219337698627795e-08
8.576831544947340980e-08
8.521963114270557277e-08
8.466566353212100692e-08
8.410629067883603202e-08
8.354142386894106328e-08
8.297431748445435073e-08
8.239693268689714473e-08
8.181336965163738316e-08
8.122985698732301791e-08
8.063417967645749875e-08
8.005450561793396298e-08
7.947618736466261918e-08
7.889788372380674818e-08
7.832000817962604702e-08
7.773997985125955883e-08
7.715696764800654874e-08
7.657065677577489841e-08
7.598093822473866996e-08
7.538793098642774060e-08
7.479207872548270423e-08
7.419389617474095392e-08
7.359395202619857191e-08
7.299294634147294163e-08
7.239150735557587060e-08
7.179024232555698160e-08
7.118976066179108394e-08
7.059057253505851930e-08
6.999314601688581062e-08
6.939793173480256235e-08
6.880530576157553610e-08
6.821574816124966805e-08
6.762934438103086942e-08
6.704641314912284326e-08
6.646700060362378469e-08
6.589152349014773362e-08
6.532004115203232417e-08
6.475302919859785632e-08
6.419063373724495809e-08
6.363310486294205722e-08
6.308044342468817032e-08
6.253174930040961474e-08
6.198900719242468232e-08
6.144993423818838766e-08
6.091786904065282142e-08
6.039221413573078074e-08
5.987301226455982233e-08
5.936062113140395955e-08
5.885484404579057781e-08
5.835564251695339431e-08
5.786302567634309437e-08
5.737703125028051257e-08
5.689767825573958973e-08
5.642496103852251067e-08
5.595899312819313543e-08
5.549992190065765549e-08
5.504790835672825804e-08
5.460317785461484123e-08
5.416584322408193392e-08
5.373607688914551622e-08
5.331408560295387948e-08
5.290007650133081130e-08
5.249425124375446702e-08
5.209687424235834703e-08
5.170795590527931783e-08
5.132766594084212130e-08
5.095598260958950572e-08
5.059284037741527321e-08
5.023830821974753281e-08
4.989198243953774637e-08
4.955389029311397750e-08
4.922376096192992998e-08
4.890168922045307654e-08
4.858810771771991698e-08
4.828308409663477612e-08
4.798754427296015858e-08
4.770232913488815215e-08
4.742809832008730973e-08
4.716506985113982419e-08
4.691304029109445032e-08
4.667149291530989696e-08
4.644029639909548077e-08
4.621941777890650658e-08
4.600914209001581673e-08
4.581061276094539005e-08
4.562561277375403898e-08
4.545932062289308033e-08
4.531086490532259573e-08
4.518097478171611682e-08
4.505971701420872650e-08
4.493769797803661250e-08
4.479282321552689416e-08
4.460741416732131671e-08
4.437616293046462564e-08
4.411692243843691155e-08
4.387629311937861935e-08
4.370033228823818580e-08
4.359782919478490700e-08
4.354290426897683842e-08
4.349445658749958259e-08
4.342314341233229729e-08
4.332594815412969209e-08
4.321955903442846901e-08
4.311932308673458982e-08
4.303158162992082684e-08
4.295517038635370156e-08
4.288759704294819732e-08
4.282845823189104382e-08
4.277978276739392347e-08
4.274367615189046897e-08
4.272006090055752232e-08
4.270646009807740211e-08
4.269879920309088897e-08
4.269305018503275245e-08
4.268657121598206843e-08
4.267810553195897557e-08
4.266789019639387970e-08
4.265774431721784396e-08
4.264994197898436758e-08
4.264623800813172138e-08
4.264735812816925326e-08
4.265285995161080755e-08
4.266175470985727447e-08
4.267293503869801391e-08
4.268559604872840203e-08
4.269957328880971853e-08
4.271504083269422977e-08
4.273228520630641838e-08
4.275156164718763356e-08
4.277284003152081958e-08
4.279603724408332696e-08
4.282108531455729268e-08
4.284790379291428489e-08
4.287643217880049419e-08
4.290652666855146132e-08
4.293803374454412224e-08
4.297072113807070004e-08
4.300439114917648604e-08
4.303890102282221485e-08
4.307416201601766216e-08
4.311018128519559797e-08
4.314701109908039790e-08
4.318470449420563225e-08
4.322328518641383066e-08
4.326273756113017826e-08
4.330304731550344676e-08
4.334420784679043512e-08
4.338617887961606740e-08
4.342893896088499297e-08
4.347247869804263838e-08
4.351676017211120016e-08
4.356176073638332556e-08
4.360747910977129284e-08
4.365388837400200369e-08
4.370096617683199570e-08
4.374869858012293929e-08
4.379706871132980559e-08
4.384605693091577045e-08
4.389564607297221707e-08
4.394580859899342420e-08
4.399652618072404277e-08
4.404779636579825852e-08
4.409961355806409402e-08
4.415197123006892316e-08
4.420487308405500382e-08
4.425831137797907069e-08
4.431227997208192303e-08
4.436678511549865698e-08
4.442182733222937058e-08
4.447740444493504329e-08
4.453352801501440878e-08
4.459020041655072131e-08
4.464740944805860878e-08
4.470514779400958423e-08
4.476340150281016662e-08
4.482214259933045858e-08
4.488134467439897746e-08
4.494098510493632812e-08
4.500103948707977444e-08
4.506148502762799927e-08
4.512231041040929211e-08
4.518350853869611121e-08
4.524506637634188719e-08
4.530697100934934851e-08
4.536920864568775062e-08
4.543175948490530432e-08
4.549459564681163470e-08
4.555768995104320675e-08
4.562101806330750168e-08
4.568455720783797927e-08
4.574828764501321625e-08
4.581219783177305328e-08
4.587628669458772124e-08
4.594055874866272195e-08
4.600502351898605812e-08
4.606968955292980531e-08
4.613456676377500488e-08
4.619966416718111845e-08
4.626498765932999965e-08
4.633053886149602628e-08
4.639631789554681140e-08
4.646232458284143883e-08
4.652855571492128435e-08
4.659501099440301295e-08
4.666168957083257087e-08
4.672859262183977202e-08
4.679572037972082802e-08
4.686307069674204843e-08
4.693063861861736640e-08
4.699841609366188109e-08
4.706639386465844120e-08
4.713455885925093721e-08
4.720289520957264581e-08
4.727138655477648186e-08
4.734001590645719933e-08
4.740876895045066406e-08
4.747763481585870613e-08
4.754660764690557062e-08
4.761568572186319265e-08
4.768487060036823594e-08
4.775416846940969076e-08
4.782358717939367964e-08
4.789313577702041740e-08
4.796281763190765056e-08
4.803263684374194680e-08
4.810259604323000822e-08
4.817269388284271635e-08
4.824292311264627229e-08
4.831327319875940607e-08
4.838373327805959114e-08
4.845428727066184811e-08
4.852491365314223665e-08
4.859558520966409070e-08
4.866626994231352972e-08
4.873692607268165835e-08
4.880750201023752750e-08
4.887793930313641561e-08
4.894817513861943874e-08
4.901814019027105000e-08
4.908776088986857351e-08
4.915696533341462779e-08
4.922568456568757104e-08
4.929385626515969199e-08
4.936142721196830914e-08
4.942835755864447576e-08
4.949462344607917125e-08
4.956021978864039053e-08
4.962516337667226114e-08
4.968949652530239307e-08
4.975329124068361027e-08
4.981665088280094792e-08
4.987971121274670225e-08
4.994264492599204664e-08
5.000566052823875882e-08
5.006900044757245736e-08
5.013293857893218619e-08
5.019777761249695783e-08
5.026384269852577269e-08
5.033147485522028308e-08
5.040102390754681390e-08
5.047283911494557016e-08
5.054726111826960544e-08
5.062461270704226400e-08
5.070518938966368398e-08
5.078925069594660776e-08
5.087700856784289608e-08
5.096861862465903377e-08
5.106417081127751713e-08
5.116368166401787516e-08
5.126708750379992696e-08
5.137423523566843450e-08
5.148487825990408082e-08
5.159867319481883783e-08
5.171518022702103731e-08
5.183386745214036398e-08
5.195412165629027821e-08
5.207526258803920899e-08
5.219656217765342810e-08
5.231727084702657922e-08
5.243664459732988498e-08
5.255397213065524865e-08
5.266860384156997766e-08
5.277997611193406635e-08
5.288763165043126158e-08
5.299123393990898429e-08
5.309057465527901999e-08
5.318557510677637522e-08
5.327628063053186525e-08
5.336284870240038139e-08
5.344553257949529856e-08
5.352466406284875607e-08
5.360062970006859718e-08
5.367385221069777856e-08
5.374476835642604584e-08
5.381381138588302871e-08
5.388139539110722758e-08
5.394790120250920541e-08
5.401366865371535539e-08
5.407899134841360699e-08
5.414411250531768221e-08
5.420922626439453023e-08
5.427448044381334276e-08
5.433998304321396007e-08
5.440580941241062721e-08
5.447201130687840214e-08
5.453862671885797889e-08
5.460568860108392695e-08
5.467323370343890016e-08
5.474130892718699266e-08
5.480997510137680850e-08
5.487930911807187363e-08
5.494940279908574763e-08
5.502035901440458039e-08
5.509228671154438905e-08
5.516529450808232309e-08
5.523948243547459093e-08
5.531493476794339794e-08
5.539171361398528025e-08
5.546985213711892322e-08
5.554935138678345325e-08
5.563017771911811719e-08
5.571226316343969627e-08
5.579550636085829678e-08
5.587977718186705935e-08
5.596492210929406423e-08
5.605077067444257560e-08
5.613714277059877259e-08
5.622385601437746593e-08
5.631073289353495784e-08
5.639760845349056149e-08
5.648433607251548255e-08
5.657079227231715913e-08
5.665687973145316435e-08
5.674252952155340965e-08
5.682770230352570229e-08
5.691238956663733639e-08
5.699660821299666339e-08
5.708039563270889787e-08
5.716380611655105120e-08
5.724690564238216640e-08
5.732976655650784880e-08
5.741246211156725555e-08
5.749506209375988307e-08
5.757762909405247250e-08
5.766021514380862566e-08
5.774285929479955465e-08
5.782558680564399072e-08
5.790840861377775786e-08
5.799132321756137865e-08
5.807431728524109079e-08
5.815736886488995101e-08
5.824044929827654935e-08
5.832352597103166623e-08
5.840656472797400427e-08
5.848953320016622995e-08
5.857240247782468496e-08
5.865514795378030951e-08
5.873775156279100714e-08
5.882020227300463968e-08
5.890249505125614997e-08
5.898463123118462638e-08
5.906661728824571143e-08
5.914846376842570233e-08
5.923018498266189506e-08
5.931179692435321477e-08
5.939331606974528448e-08
5.947475839041253724e-08
5.955613889151959911e-08
5.963747098364830144e-08
5.971876543708978101e-08
5.980003037846100025e-08
5.988127233379098756e-08
5.996249557345369330e-08
6.004370308722857736e-08
6.012489727014983044e-08
6.020607846022748538e-08
6.028724598228222286e-08
6.036839542276737076e-08
6.044951486240511219e-08
6.053059458451345277e-08
6.061163252400733971e-08
6.069262956931003818e-08
6.077358783706989044e-08
6.085450996548309699e-08
6.093539929120329742e-08
6.101625946428581885e-08
6.109709423334405549e-08
6.117790712175282066e-08
6.125870120675525670e-08
6.133947873760346813e-08
6.142024107882418873e-08
6.150098911379263198e-08
6.158172265768397211e-08
6.166244116422180630e-08
6.174314373010729000e-08
6.182382865486848471e-08
6.190449344560158516e-08
6.198513565702882819e-08
6.206575293369493459e-08
6.214634286831602905e-08
6.222690268918513532e-08
6.230743020205938012e-08
6.238792286236715279e-08
6.246837825394370226e-08
6.254879431275490541e-08
6.262916934543402727e-08
6.270950174594737371e-08
6.278978910796144039e-08
6.287002945566533697e-08
6.295022102227807710e-08
6.303036176355875213e-08
6.311045047696317247e-08
6.319048649849266842e-08
6.327046966676221136e-08
6.335040018422330330e-08
6.343027859039567110e-08
6.351010591632705961e-08
6.358988378236605948e-08
6.366961431064110436e-08
6.374930045560926851e-08
6.382894526381412328e-08
6.390855253867025492e-08
6.398812591803046186e-08
6.406766962988508486e-08
6.414718813715858168e-08
6.422668549040079464e-08
6.430616448990428849e-08
6.438562826050092528e-08
6.446508036792370373e-08
6.454452354952979357e-08
6.462396079758842863e-08
6.470339464047192622e-08
6.478282694049686149e-08
6.486225931906470027e-08
6.494169249586214780e-08
6.502112669717995870e-08
6.510056164746510681e-08
6.517999715292229038e-08
6.525943199965755481e-08
6.533886547068859900e-08
6.541829683129744308e-08
6.549772520163135271e-08
6.557714993765014994e-08
6.565657068144674653e-08
6.573598753647233357e-08
6.581540084683604437e-08
6.589481114847015655e-08
6.597421896274295739e-08
6.605362509213302435e-08
6.613303062237554045e-08
6.621243675279638034e-08
6.629184467939654965e-08
6.637125588069639679e-08
6.645067135673903140e-08
6.653009163119533365e-08
6.660951660518263758e-08
6.668894593425626573e-08
6.676837943513477898e-08
6.684781696537140252e-08
6.692725829844648431e-08
6.700670307110756263e-08
6.708615104963730975e-08
6.716560177380500599e-08
6.724505498375918080e-08
6.732451022617305507e-08
6.740396743462451531e-08
6.748342631177441118e-08
6.756288727112947065e-08
6.764235071980861532e-08
6.772181763757545087e-08
6.780128919052060843e-08
6.788076704117632231e-08
6.796025292662361265e-08
6.803974874826000335e-08
6.811925651589934451e-08
6.819877871701764103e-08
6.827831795945920300e-08
6.835787693656936821e-08
6.843745823571927661e-08
6.851706445743917495e-08
6.859669775520657010e-08
6.867636027722691673e-08
6.875605361925189515e-08
6.883577927635408190e-08
6.891553805617870398e-08
6.899533063595304756e-08
6.907515616634218131e-08
6.915501296678079092e-08
6.923490049718433737e-08
6.931481792685936395e-08
6.939476408658934384e-08
6.947473804295667466e-08
6.955473877443273987e-08
6.963476520099064385e-08
6.971481656894159511e-08
6.979489202446914331e-08
6.987499124741083538e-08
6.995511384200732180e-08
7.003526025544534572e-08
7.011543078525508987e-08
7.019562605443828666e-08
7.027584724374867372e-08
7.035609552400331279e-08
7.043637256028334561e-08
7.051667982979685478e-08
7.059701905907409894e-08
7.067739182846035402e-08
7.075779959708173296e-08
7.083824377270576326e-08
7.091872570019440883e-08
7.099924635458970192e-08
7.107980643441470021e-08
7.116040600469887589e-08
7.124104520955282797e-08
7.132172404200061808e-08
7.140244250128971039e-08
7.148320034283054018e-08
7.156399725760316103e-08
7.164483288247724279e-08
7.172570673063964404e-08
7.180661922216067162e-08
7.188756922267753689e-08
7.196855980019108806e-08
7.204958861368266369e-08
7.213065947592293775e-08
7.221177435658222196e-08
7.229293448547502429e-08
7.237414468107203787e-08
7.245540767899557663e-08
7.253672779231163965e-08
7.261810937776616661e-08
7.269955698930466410e-08
7.278107525769303450e-08
7.286266884895075765e-08
7.294434230072569828e-08
7.302609982013708033e-08
7.310794550410957497e-08
7.318988284648151990e-08
7.327191505868426102e-08
7.335404501308561419e-08
7.343627484627462572e-08
7.351860643422920195e-08
7.360104077810990076e-08
7.368357867490189392e-08
7.376622017026294396e-08
7.384896550649350908e-08
7.393181452496379999e-08
7.401476701602364639e-08
7.409782276139931490e-08
7.418098125125022639e-08
7.426424187409419064e-08
7.434760403467639522e-08
7.443106742920580014e-08
7.451463159079024805e-08
7.459829635110586937e-08
7.468206132031212933e-08
7.476592630971682177e-08
7.484989139692871844e-08
7.493395682216387502e-08
7.501812295245208342e-08
7.510239011669670027e-08
7.518675880062829272e-08
7.527122917538133126e-08
7.535580151630877023e-08
7.544047617216234373e-08
7.552525359023246381e-08
7.561013423979865020e-08
7.569511861970868844e-08
7.578020746319650373e-08
7.586540156158213943e-08
7.595070204341685144e-08
7.603611024090773291e-08
7.612162797690945719e-08
7.620725732796268149e-08
7.629300082635522558e-08
7.637886106547248095e-08
7.646484128392917193e-08
7.655094477914336611e-08
7.663717522693326830e-08
7.672353632589972850e-08
7.681003170808211980e-08
7.689666479909076570e-08
7.698343874962833644e-08
7.707035624670178257e-08
7.715741942284180381e-08
7.724463006506154930e-08
7.733198941703336983e-08
7.741949829702042095e-08
7.750715704086831488e-08
7.759496568627475585e-08
7.768292400839381571e-08
7.777103143723579547e-08
7.785928730322305615e-08
7.794769076538809463e-08
7.803624082342144908e-08
7.812493664746242852e-08
7.821377756785068914e-08
7.830276331231958676e-08
7.839189380995271721e-08
7.848116923428991281e-08
7.857059005990581385e-08
7.866015700410676448e-08
7.874987135758588638e-08
7.883973451816626231e-08
7.892974849483575288e-08
7.901991556091377887e-08
7.911023817013153195e-08
7.920071867670762324e-08
7.929136000333086512e-08
7.938216575529628007e-08
7.947313878289122908e-08
7.956428089110571945e-08
7.965559517487647212e-08
7.974708368094794721e-08
7.983874949338686536e-08
7.993059643654744665e-08
8.002262887334369824e-08
8.011485047696087593e-08
8.020725987275529770e-08
8.029986475531219041e-08
8.039266126239439424e-08
8.048565694225265206e-08
8.057884957959349546e-08
8.067224452150650687e-08
8.076584789725768407e-08
8.085964756588398543e-08
8.095365968063771079e-08
8.104786298538846151e-08
8.114224327854554819e-08
8.123678533705975691e-08
8.133149578071260787e-08
8.142637864984984334e-08
8.152143744295225627e-08
8.161667302055780779e-08
8.171209505985629582e-08
8.180770244059254339e-08
8.190349001145666948e-08
8.199945220469070350e-08
8.209558784645347755e-08
8.219188691116068254e-08
8.228833754856842792e-08
8.238493965944694951e-08
8.248169050150810175e-08
8.257857886154957555e-08
8.267560334351321365e-08
8.277276506833671630e-08
8.287007162556659423e-08
8.296752083009229960e-08
8.306512144059425780e-08
8.316288334823808874e-08
8.326082273683430136e-08
8.335895074417138650e-08
8.345727371702367516e-08
8.355580545310734922e-08
8.365453767746739847e-08
8.375347762462510296e-08
8.385261678475638491e-08
8.395196057694691998e-08
8.405152036238766393e-08
8.415130822863445757e-08
8.425132282802992975e-08
8.435155845720556593e-08
8.445201117557923053e-08
8.455268941064227390e-08
8.465359868760925893e-08
8.475474130640935819e-08
8.485611525570329465e-08
8.495771796361123455e-08
8.505954987677707879e-08
8.516160699664027920e-08
8.526388931516038874e-08
8.536639056472713304e-08
8.546911208082590068e-08
8.557205318541471863e-08
8.567520336800884262e-08
8.577856210224163073e-08
8.588213383234280892e-08
8.598592297593437627e-08
8.608993144965658516e-08
8.619416993761375235e-08
8.629863947410682478e-08
8.640334727371710635e-08
8.650828899036474771e-08
8.661346429516714451e-08
8.671888613304352513e-08
8.682455981699129585e-08
8.693049267020274553e-08
8.703668525374737652e-08
8.714314336711175966e-08
8.724986116143681918e-08
8.735683657299386674e-08
8.746407875597791121e-08
8.757159173322938258e-08
8.767937796011161235e-08
8.778744070594084133e-08
8.789578188133148980e-08
8.800440356484403123e-08
8.811329918716042877e-08
8.822246257022333695e-08
8.833189624592622875e-08
8.844159732868963900e-08
8.855157163570928135e-08
8.866181869770877277e-08
8.877234116416712349e-08
8.888313632692024694e-08
8.899420634111656805e-08
8.910554104111202116e-08
8.921714221266408201e-08
8.932901717843196456e-08
8.944116835735932323e-08
8.955360246484247784e-08
8.966632001542800347e-08
8.977932862315427589e-08
8.989262689237987804e-08
9.000621427295687098e-08
9.012008656309009608e-08
9.023424072588919295e-08
9.034868201240462062e-08
9.046341272827176114e-08
9.057843403407578298e-08
9.069374300958391193e-08
9.080934505184508364e-08
9.092524369017836363e-08
9.104143965458985956e-08
9.115792897002351254e-08
9.127471078474280136e-08
9.139178542445113777e-08
9.150915436065317419e-08
9.162682233981292264e-08
9.174479283492055330e-08
9.186306328837789610e-08
9.198163777756476048e-08
9.210051844337243190e-08
9.221969867697990385e-08
9.233917627166545634e-08
9.245895346299271795e-08
9.257903564857744818e-08
9.269941750488901546e-08
9.282010562309039665e-08
9.294109655521969668e-08
9.306239917070897665e-08
9.318400984389720684e-08
9.330592753302246973e-08
9.342814762787121741e-08
9.355067508134844937e-08
9.367351002988038908e-08
9.379665812761457238e-08
9.392011953333144128e-08
9.404389823156154170e-08
9.416799838531483036e-08
9.429242610344472423e-08
9.441718198924702538e-08
9.454226255641232789e-08
9.466767374978250325e-08
9.479341926845901117e-08
9.491949779302429425e-08
9.504590709637692713e-08
9.517265041450715548e-08
9.529972992516425497e-08
9.542714978919740127e-08
9.555491796573441173e-08
9.568303026686544617e-08
9.581148260404463040e-08
9.594027742393976157e-08
9.606941637160409914e-08
9.619890241704718195e-08
9.632873890040967246e-08
9.645892644485341879e-08
9.658947396101332776e-08
9.672038314287354196e-08
9.685165821387927628e-08
9.698329216139236346e-08
9.711528038729238470e-08
9.724762545080193397e-08
9.738032981383054427e-08
9.751339572994035464e-08
9.764682625967599403e-08
9.778062233883790085e-08
9.791478693863709045e-08
9.804932208222750687e-08
9.818423253041695041e-08
9.831951779842521166e-08
9.845517000579445819e-08
9.859118927706835145e-08
9.872757306006101045e-08
9.886432303576838632e-08
9.900143402393908365e-08
9.913890240682435308e-08
9.927672445970301903e-08
9.941489482639032399e-08
9.955341004273128668e-08
9.969226520377250154e-08
9.983144668693575839e-08
9.997093805067063825e-08
1.001107206318126806e-07
1.002507791309538955e-07
1.003911004169581565e-07
1.005316730677685599e-07
1.006724864832503414e-07
1.008135328492614661e-07
1.009548082889598882e-07
1.010963158843498823e-07
1.012380491033824247e-07
1.013800055622555505e-07
1.015221884799733184e-07
1.016646047835652949e-07
1.018072642479854764e-07
1.019501792638907561e-07
1.020933642978831142e-07
1.022368363620559663e-07
1.023806128989460257e-07
1.025247182859440386e-07
1.026691758494142387e-07
1.028139978088275517e-07
1.029591957372430198e-07
1.031047775009500494e-07
1.032507518521630016e-07
1.033971260195191230e-07
1.035439060703998534e-07
1.036910960657217390e-07
1.038386993868680721e-07
1.039867163420578102e-07
1.041351493638627988e-07
1.042840018801260741e-07
1.044332692103671333e-07
1.045829402089518958e-07
1.047330072697602484e-07
1.048834643809646643e-07
1.050343068855587827e-07
1.051855305690690027e-07
1.053371324202662506e-07
1.054891118535447560e-07
1.056414713536573923e-07
