1.106682297340185480e-07
1.106637774890889494e-07
1.106590309027538200e-07
1.106537738086682871e-07
1.106476813512147935e-07
1.106403115214067015e-07
1.106310819475432358e-07
1.106193545930511965e-07
1.106042763590540082e-07
1.105850988365289367e-07
1.105610802554243392e-07
1.105315814475162941e-07
1.104956715678480522e-07
1.104526399300465342e-07
1.104016513508564285e-07
1.103420713416700514e-07
1.102730285427880761e-07
1.101938413094462484e-07
1.101039753976244166e-07
1.100029972702692989e-07
1.098904768621092928e-07
1.097663081746347255e-07
1.096303722794047190e-07
1.094825130229446753e-07
1.093231836862528931e-07
1.091521895846397899e-07
1.089699561127545790e-07
1.087771274034011809e-07
1.085737143765639929e-07
1.083603144249355314e-07
1.081380031356681517e-07
1.079066551132025989e-07
1.076666722130944795e-07
1.074198086820280804e-07
1.071658391941482165e-07
1.069052335787410067e-07
1.066391789874059902e-07
1.063673773144215350e-07
1.060902163602147187e-07
1.058082729029354253e-07
1.055210301670555688e-07
1.052293911617274527e-07
1.049327519143466430e-07
1.046308347231443193e-07
1.043239649893752492e-07
1.040105880108828300e-07
1.036908263581259563e-07
1.033634277848765687e-07
1.030281002461029545e-07
1.026842220511784118e-07
1.023299743040596574e-07
1.019656953515621167e-07
1.015893960182504543e-07
1.012000721261573678e-07
1.007971425264113079e-07
1.003785182141342439e-07
9.994350619204639658e-08
9.949190031455215320e-08
9.902107206223691728e-08
9.853085632767994104e-08
9.801991520400162155e-08
9.748846680938216285e-08
9.693504591909404222e-08
9.635827058915671291e-08
9.575982408684343134e-08
9.513839408686288580e-08
9.449367656013596775e-08
9.382618447020867678e-08
9.313582435429341190e-08
9.242286961259065965e-08
9.168806442959283727e-08
9.093207502974199095e-08
9.015565122498189816e-08
8.936001684851604166e-08
8.854631274865477984e-08
8.771566397752400873e-08
8.686980789305636103e-08
8.601061642111161315e-08
8.513947239508745106e-08
8.425849837542464852e-08
8.336984685017204669e-08
8.247533633734056274e-08
8.157735398312062210e-08
8.067839776610710220e-08
7.978045443766157593e-08
7.888641456685831285e-08
7.799848928856197826e-08
7.711901560640457716e-08
7.625065272971241939e-08
7.539586467899819907e-08
7.455677814031451419e-08
7.373582729381847152e-08
7.293540408077068688e-08
7.215720308929570625e-08
7.140318808603512292e-08
7.067568432381093721e-08
6.997558706947445108e-08
6.930442391403078730e-08
6.866393055843595398e-08
6.805428429154318807e-08
6.747633631280473058e-08
6.693159774470641802e-08
6.641929911194292807e-08
6.593994028156006562e-08
6.549427820079124461e-08
6.508123920322862065e-08
6.470086092753158351e-08
6.435348928806782643e-08
6.403779534386787937e-08
6.375348097353429640e-08
6.350050278800408214e-08
6.327754808339208185e-08
6.308393857879101753e-08
6.291971758547248457e-08
6.278371214796217932e-08
6.267506363344733012e-08
6.259379394275722726e-08
6.253877819608161944e-08
6.250910230078108874e-08
6.250481907182359767e-08
6.252492416064400843e-08
6.256836886474098464e-08
6.263530005819875472e-08
6.272501729820772600e-08
6.283630030578648813e-08
6.296951902815401487e-08
6.312454487041758605e-08
6.330018028646352075e-08
6.349608410264689552e-08
6.371337826644593062e-08
6.395138910111133833e-08
6.420671433258631741e-08
6.448758481198117663e-08
6.478856320758506595e-08
6.510139614579343070e-08
6.546892945590698309e-08
6.582997006431409819e-08
6.624968866889533487e-08
6.670204503597445718e-08
6.715914594593055139e-08
6.765237381493739221e-08
6.814263534662631957e-08
6.862828470170714256e-08
6.910487172258746649e-08
6.956713018194496530e-08
7.001636977331636957e-08
7.044912689127522992e-08
7.086549178052362969e-08
7.126435671003385465e-08
7.164483000972970473e-08
7.200780363759669780e-08
7.235141997806324827e-08
7.267549712609621681e-08
7.298103285794093873e-08
7.326704971695770665e-08
7.353235759294268802e-08
7.377749744590404652e-08
7.400194272050687588e-08
7.420567995851887763e-08
7.438976576954826676e-08
7.455415314223425514e-08
7.469927588930610283e-08
7.482590242334164041e-08
7.493352621429592333e-08
7.502237119572971740e-08
7.509242722886710671e-08
7.514386691934783394e-08
7.517653081339393489e-08
7.519036104185568267e-08
7.518552718952526356e-08
7.516149759214511305e-08
7.511758648495040192e-08
7.505539333579382635e-08
7.497430796370445205e-08
7.487323980809799746e-08
7.475617973828795772e-08
7.462094243065237383e-08
7.446784396108508832e-08
7.429726409447784148e-08
7.411123279512334259e-08
7.390623928461092545e-08
7.368743986949788327e-08
7.345407523796888844e-08
7.320617446040668721e-08
7.294097348734700955e-08
7.265728824218740496e-08
7.235471152504916050e-08
7.203511486933970495e-08
7.169825214954247449e-08
7.134492158978303178e-08
7.097680592893957239e-08
7.059387598703728923e-08
7.019758427447271908e-08
6.979100740790628338e-08
6.937469021806573179e-08
6.895068345105230508e-08
6.852316803533368641e-08
6.809255983876611882e-08
6.766175141359453881e-08
6.723654032104725254e-08
6.681628441639690239e-08
6.640452989738467865e-08
6.601146271801049618e-08
6.562984106341403976e-08
6.526612082754180140e-08
6.493114910486164529e-08
6.463366467140644303e-08
6.438172842189151342e-08
6.417101405700772331e-08
6.398523992382519940e-08
6.382083188828936308e-08
6.367473588279335246e-08
6.353996183827649535e-08
6.341419821937883823e-08
6.329586582446292036e-08
6.318355318735082194e-08
6.307747539996348391e-08
6.297747699066185077e-08
6.288348209295552261e-08
6.279567083860305961e-08
6.271408848305738729e-08
6.263884449406042068e-08
6.257023055209010375e-08
6.250862182995976311e-08
6.245440980440568260e-08
6.240824601943247541e-08
6.237096849022667048e-08
6.234347836496728452e-08
6.232687425950312069e-08
6.232250758098338588e-08
6.233173940605590660e-08
6.235622071906482090e-08
6.239786713379587637e-08
6.245771827740657110e-08
6.253702490872875633e-08
6.263679741578478183e-08
6.275804215544619479e-08
6.290150525179393140e-08
6.306788696446055528e-08
6.325777150758039034e-08
6.347212641808517394e-08
6.371316134724516478e-08
6.398241103673021273e-08
6.427687983853700654e-08
6.459376557541106430e-08
6.496252151954550572e-08
6.536026860672114080e-08
6.577702774411803320e-08
6.621426284113987169e-08
6.667158342973201377e-08
6.714678207518198497e-08
6.763732155993819574e-08
6.814090724938417616e-08
6.865538916842099707e-08
6.917839252053547356e-08
6.970779394270344733e-08
7.024127349206703314e-08
7.077693774431770422e-08
7.131289019553875634e-08
7.184724392587612670e-08
7.237764869828269381e-08
7.290124007185697717e-08
7.341555153791875476e-08
7.391843953379441101e-08
7.440810763218816672e-08
7.488302125645288948e-08
7.534159224133852281e-08
7.578229459590778648e-08
7.620395918684589485e-08
7.660546824130144273e-08
7.698616233005431956e-08
7.734564817242944176e-08
7.768366142355644014e-08
7.800021021262212216e-08
7.829549990517032171e-08
7.856972778977732880e-08
7.882320976844465560e-08
7.905640139661146674e-08
7.926982549056608789e-08
7.946406317030234626e-08
7.963966826925862224e-08
7.979735446965047727e-08
7.993784715258647229e-08
8.006192687423357277e-08
8.017052045244684710e-08
8.026456434453845101e-08
8.034499908729826501e-08
8.041280895707713692e-08
8.046897592397156317e-08
8.051449223052229319e-08
8.055028950653288185e-08
8.057741629853997280e-08
8.059675149771746015e-08
8.060926097682873663e-08
8.061582797635437066e-08
8.061725646864163978e-08
8.061428390103574851e-08
8.060748898043242931e-08
8.059733224046450463e-08
8.058411654863867123e-08
8.056827391533137923e-08
8.055015814022459122e-08
8.053006451360627687e-08
8.050829274218578872e-08
8.048495160244372994e-08
8.046003488959096436e-08
8.043343250853090247e-08
8.040490843019286156e-08
8.037417770867895203e-08
8.034083770537934820e-08
8.030436921638861269e-08
8.026418626857491364e-08
8.021961459799855303e-08
8.016990586498994850e-08
8.011430356656329111e-08
8.005202009653810608e-08
7.998229783480832937e-08
7.990442628183857526e-08
7.981772134659704195e-08
7.972159473312427454e-08
7.961553579534537920e-08
7.949908808625441484e-08
7.937190230235705901e-08
7.923371440819949888e-08
7.908430673625094429e-08
7.892355078884336667e-08
7.875139233380744656e-08
7.856781837745612631e-08
7.837287355703510987e-08
7.816666466920515609e-08
7.794932559105990137e-08
7.772103563719335207e-08
7.748202946753893770e-08
7.723256512943962878e-08
7.697293351206208741e-08
7.670347082503861805e-08
7.642454250207064402e-08
7.613653639293638700e-08
7.583988331132224343e-08
7.553503858466281096e-08
7.522247704253908652e-08
7.490271400516577660e-08
7.457629325012715807e-08
7.424377554490480901e-08
7.390575664400300296e-08
7.356285834913255094e-08
7.321572187313440552e-08
7.286500567291795569e-08
7.251139262674042914e-08
7.215558481954466426e-08
7.179830181235005703e-08
7.144028310428106239e-08
7.108228470499039116e-08
7.072507372848648400e-08
7.036942245211815098e-08
7.001611790139471183e-08
6.966595867115804673e-08
6.931975134152947927e-08
6.897830711279837099e-08
6.864244037947410363e-08
6.831297242656138700e-08
6.799072587081630711e-08
6.767652377356056290e-08
6.737118413404478434e-08
6.707552408847565360e-08
6.679035237731439735e-08
6.651646296463250676e-08
6.625463046756928198e-08
6.600560227026846810e-08
6.577009453658112754e-08
6.554878555209087484e-08
6.534230443561540756e-08
6.515121981778702960e-08
6.497602923799518651e-08
6.481716490874958427e-08
6.467497655307538480e-08
6.454974621560132860e-08
6.444176135225413149e-08
6.435133215447908126e-08
6.427838196871197697e-08
6.422183840580269753e-08
6.418097497343502126e-08
6.416900711083174254e-08
6.417754864512290662e-08
6.419775978791461636e-08
6.422909468518753882e-08
6.427018675273792309e-08
6.431882062902722434e-08
6.437295296410603093e-08
6.443096136665121501e-08
6.449150176054385145e-08
6.455339153825701049e-08
6.461556181395505010e-08
6.467704401136713403e-08
6.473697700448010471e-08
6.479459252681769473e-08
6.484920327855478758e-08
6.490019917097803347e-08
6.494703690035019453e-08
6.498922932865763504e-08
6.502634223555859132e-08
6.505799129297082247e-08
6.508383971290263370e-08
6.510358904617059121e-08
6.511699263180744472e-08
6.512384698173587413e-08
6.512399156901009392e-08
6.511731018706492311e-08
6.510372200382440262e-08
6.508318296813451791e-08
6.505568406721422383e-08
6.502124511075179360e-08
6.497990829179964813e-08
6.493173925051136549e-08
6.487682302853399792e-08
6.481525360597309418e-08
6.474713603467016467e-08
6.467258620387018280e-08
6.459172437622639090e-08
6.450467390662725974e-08
6.441156370813133387e-08
6.431252387658390686e-08
6.420768641052627125e-08
6.409717295811782103e-08
6.398110907036640909e-08
6.385962153843653621e-08
6.373283014012644494e-08
6.360084827740358742e-08
6.346378483335459833e-08
6.332173314753879321e-08
6.317477132034023540e-08
6.302297048052836041e-08
6.286638699621540670e-08
6.270506089074343128e-08
6.253901070372202504e-08
6.236824123797138570e-08
6.219272995317528388e-08
6.201242753845271696e-08
6.182727012409815030e-08
6.163717065011421737e-08
6.144202745931860470e-08
6.124172764262919550e-08
6.103614552147247361e-08
6.082516390984520424e-08
6.060868549190599895e-08
6.038663961778177022e-08
6.015900101828229946e-08
5.992580519125903110e-08
5.968714927268752187e-08
5.944319940940541316e-08
5.919418916006024053e-08
5.894042498042707055e-08
5.868226588976604142e-08
5.842012566349588268e-08
5.815446745402724140e-08
5.788579433964213978e-08
5.761463286424259730e-08
5.734152884443280093e-08
5.706704347435324828e-08
5.679173388282190991e-08
5.651615422053962334e-08
5.624085911913223120e-08
5.596638664074921372e-08
5.569326028498437206e-08
5.542198302900573282e-08
5.515302963495582595e-08
5.488684357415359381e-08
5.462383788810162851e-08
5.436438901673689248e-08
5.410882805072973933e-08
5.385743906535677908e-08
5.361045457799598087e-08
5.336804978240657428e-08
5.313034546737061922e-08
5.289741714469187307e-08
5.266928384991268148e-08
5.244591267141211745e-08
5.222721812491415739e-08
5.201305968852330388e-08
5.180324555978158817e-08
5.159754235954534537e-08
5.139569140025721017e-08
5.119739983601386579e-08
5.100235431924065231e-08
5.081021853732000848e-08
5.062063147643951432e-08
5.043324057101365867e-08
5.024769286348179317e-08
5.006365090373479364e-08
4.988078702310233730e-08
4.969877723961968386e-08
4.951729725959337498e-08
4.933606233201741945e-08
4.915481930670798088e-08
4.897333161403436749e-08
4.879140312575103681e-08
4.860887472318656092e-08
4.842559209908668374e-08
4.824143713522051704e-08
4.805634555750930156e-08
4.787029823284855669e-08
4.768331551366287689e-08
4.749548307493868028e-08
4.730692857281158749e-08
4.711782274356165396e-08
4.692839877492929034e-08
4.673896897361781474e-08
4.654992415802989028e-08
4.636174093722140070e-08
4.617497595594493018e-08
4.599029209946928656e-08
4.580844432018780937e-08
4.563030458012513302e-08
4.545688367895528675e-08
4.528932335224244604e-08
4.512888456491200386e-08
4.497692819037284185e-08
4.483491233886177331e-08
4.470426320463696838e-08
4.458646864345221464e-08
4.448320403094852011e-08
4.439681014779991329e-08
4.433134208833424526e-08
4.429212307323808174e-08
4.427966785883415423e-08
4.428970279684744869e-08
4.431934501283167115e-08
4.436754617879891910e-08
4.443404398097886287e-08
4.451892293284807009e-08
4.462239993911079432e-08
4.474461584402359901e-08
4.488674870537764128e-08
4.505158468163683225e-08
4.523716722524875883e-08
4.544515796602331649e-08
4.567435642109887307e-08
4.591807585991633365e-08
4.617443968643542573e-08
4.644213567031327377e-08
4.671973210469959664e-08
4.700593310209898175e-08
4.729960746412947054e-08
4.759973788321234654e-08
4.790539664010111575e-08
4.821573395298260499e-08
4.852997675770306336e-08
4.884739829516283985e-08
4.916733318017481649e-08
4.948916640074921462e-08
4.981232560495464066e-08
5.013627379864565819e-08
5.046051178502454110e-08
5.078457716765188985e-08
5.110803295851909329e-08
5.143047378681501908e-08
5.175151330209293684e-08
5.207078929466331279e-08
5.238795649457685173e-08
5.270269797997639443e-08
5.301471580316400619e-08
5.332372887425362906e-08
5.362947344387418116e-08
5.393170269814894745e-08
5.423017705774186218e-08
5.452467167364296489e-08
5.481496975242035126e-08
5.510086014173041647e-08
5.538213813368815324e-08
5.565860270976687193e-08
5.593005397780057263e-08
5.619629503634298141e-08
5.645713092266832645e-08
5.671236737070163976e-08
5.696180418649947065e-08
5.720523939927772766e-08
5.744246678233551404e-08
5.767327951553331148e-08
5.789746993807143913e-08
5.811482787637706934e-08
5.832514372179836210e-08
5.852820771215305147e-08
5.872381265682021429e-08
5.891175887249186649e-08
5.909185175583417987e-08
5.926390474016801120e-08
5.942773966469204627e-08
5.958319011702155815e-08
5.973010188661159595e-08
5.986833970851249044e-08
5.999778661606316634e-08
6.011834370361745415e-08
6.022993183127275298e-08
6.033249201816312455e-08
6.042598504352441718e-08
6.051039780468326000e-08
6.058574247893183188e-08
6.065205286021456276e-08
6.070938710148218905e-08
6.075782243451529902e-08
6.079745975010288658e-08
6.082842390697968542e-08
6.085086444646519325e-08
6.086494978271626288e-08
6.087086732642903795e-08
6.086882359475720089e-08
6.085903994706286483e-08
6.084175387858919988e-08
6.081721675296870491e-08
6.078569466424757916e-08
6.074746318182927388e-08
6.070280905881759033e-08
6.065202569651167612e-08
6.059541275761705894e-08
6.053327395393773105e-08
6.046591908127104204e-08
6.039366177395885157e-08
6.031681714479294487e-08
6.023569948679005071e-08
6.015062117686398205e-08
6.006189249662630010e-08
5.996982092077981375e-08
5.987471179643819593e-08
5.977686352981578575e-08
5.967656755738930623e-08
5.957410882176638057e-08
5.946976297177313959e-08
5.936379714854275137e-08
5.925646826555346637e-08
5.914802437860813244e-08
5.903870302140162223e-08
5.892873093137607208e-08
5.881832362997694095e-08
5.870768421422247125e-08
5.859700291717857046e-08
5.848646042228793122e-08
5.837622511520404623e-08
5.826645333865186138e-08
5.815728849111541539e-08
5.804885943987380869e-08
5.794128215178293712e-08
5.783466233660364666e-08
5.772909453543961267e-08
5.762466123762093464e-08
5.752143172016131942e-08
5.741946272306016074e-08
5.731880109607512699e-08
5.721948441381287061e-08
5.712154418862335873e-08
5.702500171234647629e-08
5.692986862978537960e-08
5.683614933277631358e-08
5.674384066026044568e-08
5.665293402000111797e-08
5.656341996024138837e-08
5.647528278666595303e-08
5.638850202228635961e-08
5.630305439672967407e-08
5.621891301074776689e-08
5.613604989427704992e-08
5.605443459945869609e-08
5.597403612022138504e-08
5.589482441833377222e-08
5.581676985500554423e-08
5.573984348958428358e-08
5.566401947649689302e-08
5.558927680016246942e-08
5.551560103000196074e-08
5.544297861647163961e-08
5.537139080973159344e-08
5.530081005618290691e-08
5.523120245331822102e-08
5.516254323272682092e-08
5.509483282333150697e-08
5.502810028698572128e-08
5.496240536631153392e-08
5.489783191969321558e-08
5.483448000451303192e-08
5.477246191866436673e-08
5.471190166493335604e-08
5.465292940898448551e-08
5.459567826140552907e-08
5.454027964992432090e-08
5.448686130590404522e-08
5.443554507068658268e-08
5.438644403090259816e-08
5.433966689709406511e-08
5.429531903268676643e-08
5.425349942189473614e-08
5.421429912324644137e-08
5.417780653248772701e-08
5.414410746537412476e-08
5.411328858922296050e-08
5.408544578152207956e-08
5.406068639928217542e-08
5.403913854994074278e-08
5.402096069456252180e-08
5.400632863789904945e-08
5.399556687350074479e-08
5.398968643110814691e-08
5.398880949077123696e-08
5.399374787361142736e-08
5.400831844564091968e-08
5.402505287695795861e-08
5.404324612425935808e-08
5.406218458571258631e-08
5.408100787601980958e-08
5.409904937976965643e-08
5.411578197466543279e-08
5.413076473832110020e-08
5.414362352457350682e-08
5.415403530313198644e-08
5.416172341364984334e-08
5.416645048263263806e-08
5.416800856946431516e-08
5.416621415557104625e-08
5.416090154203580111e-08
5.415191646755480890e-08
5.413910832097125104e-08
5.412233559804839733e-08
5.410146187379580081e-08
5.407635172050580266e-08
5.404687306088577054e-08
5.401289236034232184e-08
5.397426959027527828e-08
5.393086434318795648e-08
5.388253710986170334e-08
5.382915135864201865e-08
5.377057180164799990e-08
5.370666425817392628e-08
5.363729511829267464e-08
5.356233449290420238e-08
5.348165692032542929e-08
5.339514958759293673e-08
5.330270977031500349e-08
5.320424420268679471e-08
5.309966750470744904e-08
5.298890635555407244e-08
5.287190611385406765e-08
5.274862348080331063e-08
5.261903404573437316e-08
5.248312913721361894e-08
5.234091358367538305e-08
5.219240266601812615e-08
5.203763525375373192e-08
5.187666403945840849e-08
5.170956269339105426e-08
5.153642290549382577e-08
5.135735018358062071e-08
5.117246419120739663e-08
5.098190408180621905e-08
5.078582981742011032e-08
5.058441419522108101e-08
5.037785099579846348e-08
5.016634779333512362e-08
4.995012823981826953e-08
4.972943057577241232e-08
4.950451533596462679e-08
4.927566049960919021e-08
4.904315078163852228e-08
4.880728919391254735e-08
4.856838927741695207e-08
4.832677753820227129e-08
4.808279007979387230e-08
4.783678257325809153e-08
4.758911949544689372e-08
4.734016943288731493e-08
4.709029787784698565e-08
4.683988437580675124e-08
4.658931171074953259e-08
4.633896495731916220e-08
4.608923187717767938e-08
4.584049411889315512e-08
4.559312813604890118e-08
4.534750391058642540e-08
4.510398590199723608e-08
4.486292615331748881e-08
4.462466443250000878e-08
4.438953125247138017e-08
4.415783836409419944e-08
4.392987981503360565e-08
4.370592246041982246e-08
4.348620786024417926e-08
4.327096393022986231e-08
4.306039471988859321e-08
4.285467710059324424e-08
4.265396172680100458e-08
4.245836114406142610e-08
4.226796570437298198e-08
4.208284402344255360e-08
4.190303760731127091e-08
4.172856185075347164e-08
4.155940580377067512e-08
4.139552096391923375e-08
4.123684346307239628e-08
4.108328846929218931e-08
4.093475536390718535e-08
4.079112821976290220e-08
4.065226384701046129e-08
4.051801094428236409e-08
4.038821628955541395e-08
4.026272300853146374e-08
4.014136477100948251e-08
4.002396486523094392e-08
3.991033555982066042e-08
3.980029590485336551e-08
3.969367769106787489e-08
3.959032428661895231e-08
3.949008810407743284e-08
3.939283190655154685e-08
3.929843021996258173e-08
3.920677088245492652e-08
3.911778191776215674e-08
3.903142785232029337e-08
3.894770299906770165e-08
3.886661310901117388e-08
3.878816182158728807e-08
3.871234142135728970e-08
3.863932367744755427e-08
3.857009650899791844e-08
3.850520513000662909e-08
3.844334772702097523e-08
3.838410278853029491e-08
3.832744426216455765e-08
3.827332243060886387e-08
3.822165330088229076e-08
3.817238699891064969e-08
3.812556289624744688e-08
3.808130786293348672e-08
3.803984777316926156e-08
3.800148155578250972e-08
3.796657061961141723e-08
3.793553810933197674e-08
3.790890080789881416e-08
3.788731050345436093e-08
3.787153701675965650e-08
3.786244384676440216e-08
3.786091979450872007e-08
3.786771978109716147e-08
3.788333675232075095e-08
3.790798653668688461e-08
3.794169626304160730e-08
3.798444756033147005e-08
3.803624111255170448e-08
3.809711456308058710e-08
3.816709393456954082e-08
3.824611168427372295e-08
3.833392695284957771e-08
3.843017426759033732e-08
3.853441454033658338e-08
3.864621768985768606e-08
3.876519645241644996e-08
3.889102998142602688e-08
3.902343895755589609e-08
3.916216509573120697e-08
3.930694917984322929e-08
3.945753804572768907e-08
3.961366058529897647e-08
3.977504915673801021e-08
3.994146040687904702e-08
4.011265023481159260e-08
4.028837009166932214e-08
4.046840809065578550e-08
4.065260342853631113e-08
4.084081754780675920e-08
4.103328480548986441e-08
4.123015631000768878e-08
4.143242445181594319e-08
4.163665861267417176e-08
4.184149406376241273e-08
4.204606918323715874e-08
4.224987830763848064e-08
4.245254305209667501e-08
4.265372858680604124e-08
4.285313832232347662e-08
4.305048144871216628e-08
4.324546164682243551e-08
4.343778223079293152e-08
4.362714976884587237e-08
4.381327343029722480e-08
4.399587400376169836e-08
4.417467987628024426e-08
4.434945144262350249e-08
4.451995947441212359e-08
4.468598036048902416e-08
4.484730609992911175e-08
4.500374444173682893e-08
4.515511962681468886e-08
4.530126898759094037e-08
4.544204376313814019e-08
4.557730763074811377e-08
4.570693380694620188e-08
4.583081574648741582e-08
4.594885858139010510e-08
4.606097356216927470e-08
4.616708591840023402e-08
4.626713674501550862e-08
4.636107897603784430e-08
4.644887642927572334e-08
4.653051323078339272e-08
4.660598490942102872e-08
4.667530381382541102e-08
4.673849278086968441e-08
4.679558702513602860e-08
4.684662818274319905e-08
4.689166569923041921e-08
4.693076525464413006e-08
4.696400117847643282e-08
4.699145771690906299e-08
4.701322847015190945e-08
4.702942490197159681e-08
4.704016689227328434e-08
4.704558622255805603e-08
4.704582223667862710e-08
4.704102708844715008e-08
4.703136199530362813e-08
4.701699989862913843e-08
4.699811783004654451e-08
4.697490023768750019e-08
4.694754285284288273e-08
4.691624779488031874e-08
4.688121905357373712e-08
4.684265770085444089e-08
4.680077066116856997e-08
4.675576219659519115e-08
4.670784358642388185e-08
4.665722725248190180e-08
4.660412682422077379e-08
4.654874926023905910e-08
4.649130342251215378e-08
4.643199606371904659e-08
4.637103182387227928e-08
4.630861369581783991e-08
4.624494231995325204e-08
4.618021549315841708e-08
4.611462652238603001e-08
4.604836568280064089e-08
4.598161241102873617e-08
4.591453916871222078e-08
4.584732226993470652e-08
4.578012085519321190e-08
4.571308451480459662e-08
4.564635528675772481e-08
4.558006652451891536e-08
4.551434426739276725e-08
4.544930472126405578e-08
4.538505514826740665e-08
4.532169405159220988e-08
4.525931527527102339e-08
4.519800752954806893e-08
4.513784793645386920e-08
4.507890157222541703e-08
4.502122483013227939e-08
4.496486414518649854e-08
4.490985713352309797e-08
4.485623467340539073e-08
4.480401884283787877e-08
4.475322460106730047e-08
4.470386054864286349e-08
4.465592816836198923e-08
4.460941747145500791e-08
4.456430998706676719e-08
4.452058810440445368e-08
4.447823268259574540e-08
4.443722333780833751e-08
4.439753580059139362e-08
4.435914506111480053e-08
4.432202888966049617e-08
4.428616318936561654e-08
4.425152443012724676e-08
4.421808832450573451e-08
4.418583037698484587e-08
4.415472297891914496e-08
4.412473701645275334e-08
4.409585687340044136e-08
4.406814919096157862e-08
4.404183583307346899e-08
4.401698383319053057e-08
4.399309069614755161e-08
4.396958620394003970e-08
4.394614360090729275e-08
4.392258928150322117e-08
4.389882543871484736e-08
4.387479970091842672e-08
4.385048380631389371e-08
4.382586486208181881e-08
4.380094639153115851e-08
4.377574084280329903e-08
4.375026781656764086e-08
4.372455351326200583e-08
4.369862907424806656e-08
4.367252718603585938e-08
4.364628042288865921e-08
4.361992423207429402e-08
4.359349172424062535e-08
4.356701677448163131e-08
4.354053197906611238e-08
4.351406876070612553e-08
4.348765491181355152e-08
4.346131847542605730e-08
4.343508296301829153e-08
