1.106545548614980637e-07
1.106487435225628894e-07
1.106426190055133121e-07
1.106359221355158157e-07
1.106282420714471306e-07
1.106190443951220964e-07
1.106076574981629528e-07
1.105933493446459919e-07
1.105750785135988917e-07
1.105519581596820451e-07
1.105230518270511649e-07
1.104875724977234674e-07
1.104443561493202227e-07
1.103926127067260787e-07
1.103313136795477008e-07
1.102597781867860095e-07
1.101769557363055612e-07
1.100820548328481927e-07
1.099744694199714123e-07
1.098536880128941629e-07
1.097192582454029025e-07
1.095710169032605832e-07
1.094088333456122464e-07
1.092325525263589249e-07
1.090426936061339221e-07
1.088390090897540916e-07
1.086219629016450120e-07
1.083923544377606916e-07
1.081500996158588499e-07
1.078958562333580361e-07
1.076307956142948196e-07
1.073547087659012169e-07
1.070679033172949373e-07
1.067724605249036696e-07
1.064677786567204593e-07
1.061543325977467292e-07
1.058332531598022384e-07
1.055040060576799112e-07
1.051669378735683598e-07
1.048223124319377057e-07
1.044692650975248613e-07
1.041086647418127624e-07
1.037396983874523692e-07
1.033617182250754795e-07
1.029749194685397998e-07
1.025773296605324338e-07
1.021687704169233737e-07
1.017478641626583858e-07
1.013141977126075908e-07
1.008667835991907821e-07
1.004037621482505657e-07
9.992529349709497711e-08
9.942960809143637790e-08
9.891562022848275190e-08
9.838309469495074760e-08
9.782962814641886674e-08
9.725509992905842157e-08
9.665972740039127870e-08
9.604094826519119552e-08
9.539938162868360147e-08
9.473431000140733799e-08
9.404639746561049528e-08
9.333514899597936571e-08
9.259997865053121141e-08
9.184337751812049989e-08
9.106512537041292618e-08
9.026597500609070727e-08
8.944741124650053937e-08
8.861062818013910474e-08
8.775713890345677044e-08
8.688880150134541848e-08
8.600765146807309619e-08
8.511581352480588040e-08
8.421567537927269046e-08
8.330977340212734982e-08
8.240054835970803844e-08
8.149101982446846703e-08
8.058424878266343460e-08
7.968288057990870726e-08
7.878998822875939467e-08
7.790876198205294342e-08
7.704195894668619064e-08
7.619263059534776826e-08
7.536378687826235422e-08
7.455792383548588667e-08
7.377791741136103861e-08
7.302591180611105477e-08
7.230397779473049521e-08
7.161403860400503412e-08
7.095779625451333027e-08
7.033629878405648207e-08
6.975054551654093159e-08
6.920146653945591655e-08
6.868911088075446957e-08
6.821355048218642253e-08
6.777511447535788077e-08
6.737286715195471747e-08
6.700639853471306544e-08
6.667523830041496145e-08
6.637791715765537435e-08
6.611362164598126702e-08
6.588176388564640775e-08
6.568043348796535660e-08
6.550868562064866498e-08
6.536572445292868274e-08
6.524960118816437278e-08
6.515917696185339627e-08
6.509384951330062461e-08
6.505174700197525554e-08
6.503168622454224908e-08
6.503330227324009125e-08
6.505496950228013766e-08
6.509538668024902213e-08
6.515448406305220389e-08
6.523072658696424810e-08
6.532290179862957396e-08
6.543089133399084866e-08
6.555342731754164568e-08
6.568940073445453467e-08
6.583859483687965042e-08
6.599987977444699472e-08
6.617242839448490507e-08
6.635633417737184509e-08
6.655083218191424609e-08
6.675544473534778902e-08
6.697007031419040687e-08
6.719444763162384582e-08
6.742970608102625311e-08
6.767877336678140330e-08
6.795332725582113699e-08
6.826276491487615514e-08
6.859893724691011816e-08
6.894939669078539650e-08
6.929266137410652549e-08
6.963755262016059275e-08
6.996097926883518487e-08
7.028393083938310825e-08
7.060149493297201343e-08
7.087393437332852944e-08
7.119223864935838972e-08
7.145032594881007925e-08
7.171918816716532925e-08
7.196604521758464737e-08
7.218196204757856713e-08
7.239563894864996028e-08
7.257590998392077880e-08
7.274384635107492377e-08
7.289088353583988465e-08
7.301373537062665057e-08
7.311924913222544075e-08
7.320252002296167647e-08
7.326752285784601552e-08
7.330987471600471146e-08
7.333230943438358245e-08
7.333429871058382326e-08
7.331355533453256985e-08
7.327400473814574965e-08
7.321323087549482499e-08
7.313314385839584103e-08
7.303538297556090730e-08
7.291807044315410600e-08
7.278331774706655139e-08
7.263125093256189128e-08
7.246129137749489680e-08
7.227480563756943953e-08
7.207157662346633887e-08
7.185319780327553111e-08
7.161810377269780189e-08
7.136812520339669584e-08
7.110311162891205418e-08
7.082244902879708007e-08
7.053083713535525853e-08
7.022288768543817865e-08
6.989819572451712329e-08
6.957051281939204999e-08
6.921924135369518385e-08
6.885192841034643836e-08
6.847043907027327583e-08
6.808565081422256284e-08
6.769422090506967398e-08
6.728632205740292110e-08
6.688380778430264663e-08
6.646994293234545753e-08
6.604939547426171611e-08
6.562703065101904016e-08
6.519999405017436017e-08
6.477277991685471955e-08
6.434033617718864541e-08
6.391439206338097901e-08
6.349043364658200849e-08
6.307161289390074199e-08
6.267064679630896698e-08
6.227450353059479598e-08
6.190467591009240256e-08
6.155419648332048653e-08
6.121739669967849532e-08
6.092259082265915464e-08
6.063903978699445828e-08
6.039920901327401298e-08
6.022951529426892546e-08
6.008170617732191434e-08
5.999167587047798321e-08
5.991912016054299245e-08
5.987113641743923482e-08
5.987215057035814164e-08
5.988813257401286960e-08
5.991752603301281336e-08
5.996061122726407004e-08
6.001755945854842311e-08
6.009073342333825539e-08
6.017676458249022544e-08
6.027935122219792719e-08
6.039402510399602128e-08
6.052162572203079661e-08
6.066217161907238869e-08
6.081489282257914339e-08
6.098052602309607023e-08
6.115907182928984839e-08
6.135054533296386894e-08
6.155520518018530882e-08
6.177324689141925940e-08
6.200524583880237479e-08
6.225307620515666656e-08
6.251792645108448500e-08
6.279658007997748769e-08
6.308905436138197540e-08
6.343376702382395237e-08
6.379651769038356768e-08
6.417199913049520298e-08
6.456600721927531955e-08
6.497508582895371897e-08
6.539493816811478250e-08
6.582445478804686996e-08
6.626274767912893924e-08
6.670899581170001379e-08
6.716208634849103036e-08
6.762112034081093822e-08
6.808471000217165755e-08
6.855172029763332958e-08
6.902109837582060878e-08
6.949162806624653782e-08
6.996216348680493290e-08
7.043176796079833297e-08
7.089915772775604952e-08
7.136258534377297228e-08
7.182008635707113109e-08
7.226966591824561477e-08
7.270920036370321924e-08
7.313637696646309858e-08
7.354869721152181376e-08
7.394401821845272469e-08
7.431992030562407958e-08
7.467400304630753786e-08
7.500435862551269819e-08
7.530920140841841983e-08
7.558755805014056498e-08
7.583886814507133879e-08
7.606270142293965565e-08
7.625915862297086755e-08
7.642879433016303643e-08
7.657239156411683037e-08
7.669050789426957257e-08
7.678348137518925155e-08
7.685229087497862752e-08
7.689784414721723262e-08
7.692124574445706516e-08
7.692389314028181496e-08
7.690719467950116334e-08
7.687255967335350465e-08
7.682156681200932461e-08
7.675617766629118694e-08
7.667835061538368273e-08
7.658964447113132425e-08
7.649126485577424582e-08
7.638421127662374399e-08
7.626903336084447293e-08
7.614628350907267091e-08
7.601704439037568668e-08
7.588249849358659663e-08
7.574390797899019836e-08
7.560254308052898599e-08
7.545936262464156556e-08
7.531531358600381664e-08
7.517117639407161829e-08
7.502737670044701509e-08
7.488433370361460018e-08
7.474220380096315981e-08
7.460102932310656103e-08
7.446068463667268476e-08
7.432090078658480044e-08
7.418090578810803535e-08
7.404005256993087977e-08
7.389720265611355540e-08
7.375129886611578443e-08
7.360114239691211905e-08
7.344534067777753605e-08
7.328251300878393227e-08
7.311117694298039444e-08
7.292978935017065407e-08
7.273711224809642082e-08
7.253247879213906211e-08
7.231528617868783505e-08
7.208527982072728646e-08
7.184245900344517393e-08
7.158668746547801653e-08
7.131786394012210285e-08
7.103590579779889360e-08
7.074074536602401909e-08
7.043246556518310229e-08
7.011121974408220565e-08
6.977721971093349693e-08
6.943079291849826317e-08
6.907237790346454779e-08
6.870247410862987205e-08
6.832170860500509554e-08
6.793077737550991486e-08
6.753047128903041665e-08
6.712167574133650614e-08
6.670532726300118482e-08
6.628246653047621469e-08
6.585420499288018956e-08
6.542168665773936186e-08
6.498613329795413901e-08
6.454881283932102739e-08
6.411099608889217328e-08
6.367399960858420062e-08
6.323916814700020091e-08
6.280783977182875708e-08
6.238136811774906033e-08
6.196112576908545321e-08
6.154846704594730514e-08
6.114475010975126564e-08
6.075133962909326057e-08
6.036957535425671782e-08
6.000078219182708742e-08
5.964627038489014689e-08
5.930731608544837709e-08
5.898515022360262603e-08
5.868096623218429431e-08
5.839589894712439823e-08
5.813100882448128608e-08
5.788729259543527139e-08
5.766566708564101784e-08
5.746694797369276236e-08
5.729185481127454567e-08
5.714099396927927307e-08
5.701484922186292249e-08
5.691376990413520863e-08
5.683797946545893035e-08
5.678769011810710355e-08
5.676339548882653244e-08
5.676548789886007970e-08
5.679242027733095970e-08
5.684357704405746268e-08
5.693500703900937996e-08
5.704655730740790603e-08
5.717246830647149657e-08
5.731077641948018714e-08
5.745901972499297091e-08
5.761458696471121192e-08
5.777509935202109069e-08
5.793845385607937944e-08
5.810276420702226229e-08
5.826632048848287814e-08
5.842757935500695359e-08
5.858514774186836272e-08
5.873777397537187553e-08
5.888434104933471857e-08
5.902385258435525083e-08
5.915543136157021893e-08
5.927831119864090562e-08
5.939182587892403601e-08
5.949539558631895355e-08
5.958852293356313811e-08
5.967080197979732636e-08
5.974190022074773239e-08
5.980155389523984373e-08
5.984957078758933818e-08
5.988582839724578230e-08
5.991026884080339499e-08
5.992289638697801990e-08
5.992377590359627771e-08
5.991302338437601347e-08
5.989081089783353889e-08
5.985736468826153290e-08
5.981295288190312869e-08
5.975787754458113450e-08
5.969248384176017496e-08
5.961715187931168103e-08
5.953227553422590160e-08
5.943826603841394804e-08
5.933555740094227512e-08
5.922459649550496955e-08
5.910583099233252117e-08
5.897972049054031749e-08
5.884672425362491364e-08
5.870729217867100368e-08
5.856187308266029868e-08
5.841090846272553927e-08
5.825482389356494145e-08
5.809402996430625683e-08
5.792891788524516988e-08
5.775985574781713842e-08
5.758717837571145139e-08
5.741119943648090609e-08
5.723219781154370192e-08
5.705042448743257479e-08
5.686610214680229819e-08
5.667941980385745983e-08
5.649053887359474677e-08
5.629959747556505522e-08
5.610671330575111251e-08
5.591199134325188145e-08
5.571553108070524641e-08
5.551743317576415651e-08
5.531779572527072719e-08
5.511672263199445677e-08
5.491432665128610404e-08
5.471073229102188590e-08
5.450607497954584103e-08
5.430050134778129978e-08
5.409416357660467245e-08
5.388721277303366691e-08
5.367978431699632884e-08
5.347201163155152833e-08
5.326401628524291583e-08
5.305589347203967358e-08
5.284771130057424873e-08
5.263950649484584096e-08
5.243127397498768231e-08
5.222296490136077918e-08
5.201449675131752711e-08
5.180574594705831584e-08
5.159655109974100932e-08
5.138671513181127095e-08
5.117601058822086986e-08
5.096417571828775603e-08
5.075091775485354681e-08
5.053594841205913540e-08
5.031897255552527448e-08
5.009970924075053530e-08
4.987789541376745657e-08
4.965328313233620132e-08
4.942566425729673391e-08
4.919487215087605332e-08
4.896078669054173297e-08
4.872333825957060052e-08
4.848251540035705662e-08
4.823834610465212766e-08
4.799090553118581161e-08
4.774030220905042434e-08
4.748667887050085888e-08
4.723019674451985474e-08
4.697103934478251792e-08
4.670939849365158852e-08
4.644547187866116866e-08
4.617946138093875863e-08
4.591155645068523923e-08
4.564195356682729575e-08
4.537084693651985424e-08
4.509844068562919047e-08
4.482495663915117516e-08
4.455064291510032768e-08
4.427577831271804686e-08
4.400067754029229140e-08
4.372571476332986484e-08
4.345132350304942978e-08
4.317801860935330893e-08
4.290639504613464610e-08
4.263713632034700393e-08
4.237101304594352718e-08
4.210888841050712035e-08
4.185172021261011363e-08
4.160056380514924531e-08
4.135655493138392371e-08
4.112088772081384318e-08
4.089481130424639883e-08
4.067959017605040418e-08
4.047649843909833741e-08
4.028680362636110027e-08
4.011176526690377089e-08
3.995259593676778354e-08
3.981045372624320275e-08
3.968644870719556266e-08
3.958163883811529216e-08
3.949706297744732076e-08
3.943372765935590669e-08
3.939255877968926736e-08
3.937430446963322548e-08
3.937947563341081509e-08
3.940830886909479071e-08
3.946077544626999827e-08
3.953741531841990303e-08
3.964043353755746782e-08
3.976913014193069224e-08
3.992961542515325949e-08
4.012678955066146739e-08
4.035113831805863446e-08
4.059526223583399494e-08
4.085373161821453385e-08
4.112331193179714919e-08
4.140184351782159025e-08
4.168765251769301532e-08
4.197930862186328753e-08
4.227552955762309032e-08
4.257513908903288747e-08
4.287704718310128496e-08
4.318022912806520464e-08
4.348371836055586308e-08
4.378660116794251497e-08
4.408801492579506880e-08
4.438714457966976215e-08
4.468323201120886474e-08
4.497557209265363969e-08
4.526351291913777582e-08
4.554645669412983139e-08
4.582386069548800853e-08
4.609522837307817960e-08
4.636011235667177889e-08
4.661811590713260289e-08
4.686888538560007019e-08
4.711210605007604453e-08
4.734750046124154857e-08
4.757482251881665049e-08
4.779384938206135028e-08
4.800438706231610659e-08
4.820626545250584217e-08
4.839933156936644661e-08
4.858345090149466786e-08
4.875850224505134339e-08
4.892437717477051124e-08
4.908097612028659316e-08
4.922821611973857443e-08
4.936602586909350164e-08
4.949434220222575733e-08
4.961311117042338098e-08
4.972228403629215698e-08
4.982181585074320796e-08
4.991166417181793604e-08
4.999179500916467091e-08
5.006217901435607293e-08
5.012279171951724682e-08
5.017361244939936384e-08
5.021462831241481198e-08
5.024583550074580349e-08
5.026724684595581423e-08
5.027889292919518458e-08
5.028082701996224368e-08
5.027312522588030071e-08
5.025588977090059812e-08
5.022924873478588706e-08
5.019336159812770744e-08
5.014841901053194614e-08
5.009463690245012681e-08
5.003225785326474084e-08
4.996155184567082575e-08
4.988281013067712269e-08
4.979634326940794589e-08
4.970248389051496248e-08
4.960158783624335597e-08
4.949402573376864558e-08
4.938018061245917054e-08
4.926044512730172509e-08
4.913521706119164793e-08
4.900489974008835931e-08
4.886990011867864129e-08
4.873062497378111187e-08
4.858747785170864201e-08
4.844085881225508918e-08
4.829116266853414481e-08
4.813877597550254972e-08
4.798407927025156285e-08
4.782744426172215402e-08
4.766923252621401988e-08
4.750979392096682367e-08
4.734946551811616581e-08
4.718857244378181873e-08
4.702742719115518802e-08
4.686632715532229692e-08
4.670555861260139160e-08
4.654539352144009358e-08
4.638608973589626341e-08
4.622789110846015064e-08
4.607102558049295461e-08
4.591571024431580686e-08
4.576214567778971571e-08
4.561052510889788565e-08
4.546102984411299826e-08
4.531382886267928964e-08
4.516907592190735083e-08
4.502691560501944745e-08
4.488748106117612876e-08
4.475089656748939810e-08
4.461727875211317559e-08
4.448673618975613428e-08
4.435936658928560374e-08
4.423526020720261127e-08
4.411450438731502894e-08
4.399717512701728191e-08
4.388335109824154077e-08
4.377310852477142639e-08
4.366652078736714810e-08
4.356365623085083099e-08
4.346458511903524324e-08
4.336937486657691850e-08
4.327809144978257956e-08
4.319080301116664660e-08
4.310757701165075168e-08
4.302846280703103043e-08
4.295348993065432407e-08
4.288268400053643599e-08
4.281611159075521793e-08
4.275394127174451914e-08
4.269638249482679769e-08
4.264341201144954856e-08
4.259466621279524138e-08
4.254977531360098342e-08
4.250857363501353963e-08
4.247104133139053664e-08
4.243713615326051534e-08
4.240668016099571215e-08
4.237946078988766389e-08
4.235536207077502310e-08
4.233437096768552390e-08
4.231654104371088736e-08
4.230196218258985492e-08
4.229075041078535438e-08
4.228303063218478567e-08
4.227892401123914107e-08
4.227855412236529889e-08
4.228203850475194919e-08
4.228948269181343554e-08
4.230098675654609658e-08
4.231666912348318750e-08
4.233680276779355132e-08
4.236263854279475723e-08
4.239460496847152781e-08
4.243141495269867708e-08
4.247287489015018543e-08
4.251912916243893930e-08
4.257042953197322360e-08
4.262695458371290363e-08
4.268869862495707720e-08
4.275563673714582671e-08
4.282743397130530604e-08
4.290574161692119460e-08
4.299246433523074680e-08
4.308425943662068581e-08
4.318049255272606722e-08
4.327771451228456065e-08
4.337461731108386457e-08
4.347018932657434907e-08
4.356353571955955719e-08
4.365393335711336228e-08
4.374078830965743100e-08
4.382360372262661603e-08
4.390196272287786823e-08
4.397551440622417038e-08
4.404395755561810755e-08
4.410704303913596252e-08
4.416455117071248717e-08
4.421629599062546160e-08
4.426211899927847792e-08
4.430188083288468136e-08
4.433545240230459623e-08
4.436271400547780815e-08
4.438355437264488484e-08
4.439786881769707537e-08
4.440555781719921117e-08
4.440652544363671491e-08
4.440068072870653964e-08
4.438792963186330579e-08
4.436818072436958822e-08
4.434135697718279632e-08
4.430739124624009762e-08
4.426623250204911543e-08
4.421784295578032623e-08
4.416219819325506570e-08
4.409928584775554399e-08
4.402912103230240108e-08
4.395174264781906249e-08
4.386721486060610137e-08
4.377562553119648726e-08
4.367708819552922736e-08
4.357173657303757155e-08
4.345971780384986344e-08
4.334121155332641209e-08
4.321642910488878048e-08
4.308560421468479419e-08
4.294898893194223555e-08
4.280685492124079624e-08
4.265949302759162182e-08
4.250721347327243613e-08
4.235034966603207234e-08
4.218925880860163735e-08
4.202430674901792550e-08
4.185586414458578187e-08
4.168431621292246313e-08
4.151004206752186596e-08
4.133343612944594102e-08
4.115489754481575125e-08
4.097482371746145155e-08
4.079360830339395555e-08
4.061164543543512977e-08
4.042931229053037302e-08
4.024696976854365469e-08
4.006497605039885151e-08
3.988367056557034661e-08
3.970337796893984077e-08
3.952441018490591141e-08
3.934705090039648378e-08
3.917154902082675360e-08
3.899813447040140086e-08
3.882701716543186384e-08
3.865837765782941000e-08
3.849237640606386822e-08
3.832914632538126678e-08
3.816879131010060701e-08
3.801138282204651231e-08
3.785697507122952980e-08
3.770559799092376852e-08
3.755726036057021300e-08
3.741195648887319534e-08
3.726966048397582560e-08
3.713032015116724872e-08
3.699386758619440627e-08
3.686022601862602266e-08
3.672931461846246140e-08
3.660104416443874662e-08
3.647531827276985076e-08
3.635203336746734477e-08
3.623107873786667962e-08
3.611233961304957662e-08
3.599571518879202238e-08
3.588110917515313277e-08
3.576842926791630367e-08
3.565758672750752699e-08
3.554850015980856364e-08
3.544111032834603031e-08
3.533535926223413820e-08
3.523121376386119863e-08
3.512865623438322729e-08
3.502768817367052107e-08
3.492832050194226450e-08
3.483059487509516100e-08
3.473455997874119857e-08
3.464032380651779790e-08
3.454814772346544158e-08
3.445848121174754407e-08
3.437157879458881248e-08
3.428727312789372200e-08
3.420589891597192249e-08
3.412809670652715879e-08
3.405280256652932818e-08
3.397907478966551653e-08
3.390668086481506499e-08
3.383561142468361003e-08
3.376594685019714676e-08
3.369781964557246082e-08
3.363140374289095903e-08
3.356693377049520952e-08
3.350468967890161028e-08
3.344498581237782959e-08
3.338816257445449529e-08
3.333459478127022575e-08
3.328465871858988370e-08
3.323873611531117366e-08
3.319721150446300567e-08
3.316048111153234693e-08
3.312892314234314927e-08
3.310290313857341975e-08
3.308276949616618676e-08
3.306884033154736846e-08
3.306141106666806014e-08
3.306073655625164771e-08
3.306703178662724346e-08
3.308046407844274659e-08
3.310115913737103656e-08
3.312918340418970351e-08
3.316454546287133503e-08
3.320719703953972373e-08
3.325703071619192762e-08
3.331390077972104313e-08
3.337763522837389546e-08
3.344803753254083516e-08
3.352490374874288964e-08
3.360803743261173553e-08
3.369727134921230590e-08
3.379250393712239940e-08
3.389369462295578158e-08
3.400078878974053845e-08
3.411354814971928567e-08
3.423142081613207243e-08
3.435358939320727478e-08
3.447918396839001386e-08
3.460739369633636568e-08
3.473749453724025593e-08
3.486884073463589183e-08
3.500084702076642660e-08
3.513300381893806080e-08
3.526487299367930218e-08
3.539606810913147672e-08
3.552623552466204312e-08
3.565503411084459915e-08
3.578210644587583702e-08
3.590707016397834671e-08
3.602949436306900946e-08
3.614890531677053723e-08
3.626476325635101560e-08
3.637649556129463106e-08
3.648352357586352287e-08
3.658529958724844432e-08
3.668133998894829648e-08
3.677122210368495580e-08
3.685460683427989507e-08
3.693123811857410880e-08
3.700094683395247313e-08
3.706362809638468053e-08
3.711924711259618137e-08
3.716780333318202356e-08
3.720930971500109278e-08
3.724378192620195917e-08
3.727121852841243828e-08
3.729164449994111286e-08
3.730506973794338970e-08
3.731151727470022123e-08
3.731103357071550991e-08
3.730369535954650044e-08
3.728961286003319615e-08
3.726894611528505241e-08
3.724186827407039541e-08
3.720858286453778139e-08
3.716931363844629034e-08
3.712429675774308541e-08
3.707376660006033127e-08
3.701796496897988638e-08
3.695716335346750435e-08
3.689164382771261452e-08
3.682170762591070795e-08
3.674765354195484515e-08
3.666979059017240567e-08
3.658842140430660183e-08
3.650386693467175126e-08
3.641645446927061175e-08
3.632650651418356156e-08
3.623432680637129946e-08
3.614019883170797878e-08
3.604439115039988207e-08
3.594714733561814557e-08
3.584870760603035680e-08
3.574932317482985530e-08
3.564925347796949711e-08
3.554876215576102743e-08
3.544810088839993830e-08
3.534751014837093905e-08
3.524721953032778312e-08
3.514744929723829833e-08
3.504843256556634995e-08
3.495040940184159531e-08
3.485361430496366941e-08
3.475827333214113706e-08
3.466460974179556630e-08
3.457283424984359890e-08
3.448314123891732298e-08
3.439571689208561184e-08
3.431074050966287277e-08
3.422836190643109937e-08
3.414869873712234239e-08
3.407184166063929856e-08
3.399784667934320257e-08
3.392675121429808499e-08
3.385855703677302224e-08
3.379328276396172700e-08
3.373096089158883896e-08
3.367161290322143442e-08
3.361524584581854248e-08
3.356186751726625260e-08
3.351148024997193856e-08
3.346408562915214293e-08
3.341969128728865598e-08
3.337830439227361089e-08
3.333995674064887674e-08
3.330465601165932478e-08
3.327238165141938417e-08
3.324313138242396790e-08
3.321690707595743376e-08
3.319370522164656023e-08
3.317353271592151095e-08
3.315641782354639104e-08
3.314246281347142561e-08
3.313203096657939039e-08
3.312563659561131213e-08
3.312313549317783788e-08
3.312435251230106994e-08
3.312937515121387898e-08
3.313724558044024213e-08
3.314704326769717551e-08
3.315833354547789075e-08
3.317087365139862010e-08
3.318449676000248295e-08
3.319910310107251226e-08
3.321461939608395930e-08
3.323097762229455011e-08
3.324813247516267644e-08
3.326605241842612814e-08
3.328473548446261325e-08
3.330419544058295428e-08
3.332445712993497115e-08
3.334555432672807980e-08
3.336753978309718651e-08
3.339044719206850937e-08
3.341430218035835582e-08
3.343911663704530355e-08
3.346490120612417112e-08
3.349165573607392637e-08
3.351936905861268057e-08
3.354802277411438629e-08
3.357759339245813517e-08
3.360805514088487244e-08
3.363937882399855037e-08
3.367150615300890514e-08
3.370435323573253024e-08
3.373781592216188249e-08
3.377179401915336057e-08
3.380618073222771251e-08
3.384086786513541019e-08
3.387574615570816434e-08
3.391069967219377804e-08
3.394560765209001065e-08
3.398035170858696043e-08
3.401479271316900878e-08
3.404878185460841523e-08
3.408216475609360379e-08
3.411478173669257026e-08
3.414646489461651448e-08
3.417704678988523938e-08
3.420635463739615977e-08
3.423420980966496165e-08
3.426044325876544459e-08
3.428490437528618083e-08
3.430742772726236729e-08
3.432784762868222218e-08
3.434600628111200800e-08
3.436174962974690359e-08
3.437492697606481594e-08
3.438539197393905846e-08
3.439300124398801845e-08
3.439761105808476136e-08
3.439909155246069796e-08
3.439731725227540143e-08
3.439215585809544996e-08
3.438347994032417145e-08
3.437117285025376267e-08
3.435511815278446467e-08
3.433521669898280342e-08
3.431138072308245770e-08
3.428353356884968312e-08
3.425160925956750839e-08
3.421556007242547820e-08
3.417534572898231687e-08
3.413093181378503551e-08
3.408230828035539788e-08
3.402949314210688449e-08
3.397252037453384378e-08
3.391144775520627610e-08
3.384634703675439961e-08
3.377729566878606357e-08
3.370439144032141289e-08
3.362774392378779322e-08
3.354747140182831130e-08
3.346370604429001609e-08
3.337659535896861405e-08
3.328629447428882508e-08
3.319297238849552834e-08
3.309681209896856847e-08
3.299800680371990162e-08
3.289676255909641547e-08
3.279329710118940132e-08
3.268783709600129705e-08
3.258060920745443940e-08
3.247185500098166946e-08
3.236182107429249356e-08
3.225076677049255562e-08
3.213896445439822541e-08
3.202668811092036667e-08
3.191420220866040767e-08
3.180177685372242028e-08
3.168967182965409324e-08
3.157813374314645332e-08
3.146740050425369036e-08
3.135770372195032460e-08
3.124925303705703832e-08
3.114224334930025071e-08
3.103686245896143181e-08
3.093327821508791578e-08
3.083164336689485865e-08
3.073209220453449140e-08
3.063473761367861439e-08
3.053966959341729146e-08
3.044696314262055493e-08
3.035667183022010042e-08
