1.106395786799092518e-07
1.106319699040839260e-07
1.106240281371192759e-07
1.106154536080283906e-07
1.106057466453920654e-07
1.105942650472449957e-07
1.105802247843069482e-07
1.105627909804991757e-07
1.105407322174777781e-07
1.105130070505121123e-07
1.104784688522014450e-07
1.104361418546565803e-07
1.103846180054632131e-07
1.103230050095395427e-07
1.102500751346899171e-07
1.101652081594179874e-07
1.100671590879451511e-07
1.099550248054991651e-07
1.098281044704734020e-07
1.096857611658999527e-07
1.095275414852656146e-07
1.093532326812569737e-07
1.091626789745140191e-07
1.089557184191369253e-07
1.087329410691750196e-07
1.084940795544648430e-07
1.082395888937214656e-07
1.079704609406310882e-07
1.076864967594858203e-07
1.073883568720019461e-07
1.070773589240874830e-07
1.067531729930835346e-07
1.064160151533573992e-07
1.060682147084538598e-07
1.057087644315408416e-07
1.053382356458662541e-07
1.049574621369502852e-07
1.045657559375132940e-07
1.041634548966957961e-07
1.037502229373333006e-07
1.033251907109368630e-07
1.028891514294717051e-07
1.024409854626702101e-07
1.019798065002067986e-07
1.015056367804639651e-07
1.010164108351979525e-07
1.005115177144835822e-07
9.998977412480046937e-08
9.945070836049777277e-08
9.889323002427486384e-08
9.831567857783763291e-08
9.771807014784953914e-08
9.709948379131024284e-08
9.645904033891479957e-08
9.579649002747556208e-08
9.511076225847634634e-08
9.440206947143495324e-08
9.367124211345222479e-08
9.291666066878565817e-08
9.213994782990580492e-08
9.134148692967939439e-08
9.052276728879345925e-08
8.968478706494439205e-08
8.882830582560267058e-08
8.795685562935875589e-08
8.707183591486534159e-08
8.617547557834003259e-08
8.527054871502840574e-08
8.435990181957037280e-08
8.344653940876191540e-08
8.253364680449520681e-08
8.162470846390683364e-08
8.072319152333166227e-08
7.983249323088034781e-08
7.895650850624464522e-08
7.809851379612363041e-08
7.726207198734042131e-08
7.645070673315329136e-08
7.566731359321818363e-08
7.491477473311422248e-08
7.419589647222186541e-08
7.351276475687621166e-08
7.286731203603752642e-08
7.226118017298121951e-08
7.169534552891457184e-08
7.117059626739048672e-08
7.068720144602011822e-08
7.024499877591679955e-08
6.984352375983935259e-08
6.948234854701495415e-08
6.916019842756142204e-08
6.887575034024307029e-08
6.862806447036097371e-08
6.841520948331690504e-08
6.823552811427934080e-08
6.808753721964769551e-08
6.796909239656421039e-08
6.787854687339246971e-08
6.781433838674551227e-08
6.777421711850582692e-08
6.775661882150449240e-08
6.776000391089245875e-08
6.778222735498299217e-08
6.782193394233686452e-08
6.787783800181983908e-08
6.794804760248183564e-08
6.803130199094817496e-08
6.812672566179391594e-08
6.823267332002420598e-08
6.834793326655607327e-08
6.847194861267948711e-08
6.860313415146692659e-08
6.874045863893267436e-08
6.888346271165891458e-08
6.903060714310954666e-08
6.918114216442562692e-08
6.933447638951584009e-08
6.948969766375441476e-08
6.964588824045579689e-08
6.980277728413012627e-08
6.996010899694218206e-08
7.011759824256177166e-08
7.027681608249185927e-08
7.045720445774555715e-08
7.067030703407064177e-08
7.089429925650779352e-08
7.111136300807794199e-08
7.131808312023435528e-08
7.151433792688482692e-08
7.169642441740113239e-08
7.186275393329272163e-08
7.201358537625608727e-08
7.214827210643661095e-08
7.226622013361318471e-08
7.236545444282126004e-08
7.244657896334846908e-08
7.251125209427502596e-08
7.255487200220538503e-08
7.258287048386046441e-08
7.259460386470172207e-08
7.257917190682279528e-08
7.255119249418655723e-08
7.250706113156157918e-08
7.244007076708212408e-08
7.236034125383938977e-08
7.225823743247670283e-08
7.213779090156457078e-08
7.200566029340089761e-08
7.185116603290613741e-08
7.168043686877962877e-08
7.149912732174651850e-08
7.129530156232031607e-08
7.107550477620992323e-08
7.084563265699340256e-08
7.060015509018319092e-08
7.033816024313129391e-08
7.006747311077933296e-08
6.978380608689039576e-08
6.948726251652474401e-08
6.918298820510221319e-08
6.886730607844724383e-08
6.854453825995929616e-08
6.821076270247595995e-08
6.787202955664806964e-08
6.752568424571348196e-08
6.716938419241714022e-08
6.680992254168217119e-08
6.644073080207265592e-08
6.606535094629228021e-08
6.568482226125387757e-08
6.529638427933020530e-08
6.490535413634804317e-08
6.450947014121064578e-08
6.411061751048576461e-08
6.371208928316569533e-08
6.331265941584423419e-08
6.291561483278841576e-08
6.252363648893584670e-08
6.213504904482458579e-08
6.176073322269265515e-08
6.139659166236671759e-08
6.104540379849390399e-08
6.070953990610198192e-08
6.038813002130919787e-08
6.008441954486084708e-08
5.979966206193618490e-08
5.953604871559949992e-08
5.929744151032030069e-08
5.908519730137382891e-08
5.890195718796340362e-08
5.874815700107071396e-08
5.862271965453717405e-08
5.852615817286028176e-08
5.845750804678873193e-08
5.841777419615637447e-08
5.841112041933348539e-08
5.844730741241520931e-08
5.853186679108055266e-08
5.865266435229881819e-08
5.880353805353173447e-08
5.898386847843539488e-08
5.919098669854864659e-08
5.942031485913499620e-08
5.966871213504015064e-08
5.993498666945384232e-08
6.021834562786776243e-08
6.051838898817279418e-08
6.083494692799942821e-08
6.116907823616547967e-08
6.152953917160829710e-08
6.190918142866017068e-08
6.229663294744059718e-08
6.273563650571039670e-08
6.319222875753738583e-08
6.364865121105747021e-08
6.410895808376515450e-08
6.457193779502095584e-08
6.503336998876302556e-08
6.549094950234796479e-08
6.594375914494979426e-08
6.639064599114353107e-08
6.683090937178517926e-08
6.726427623688255219e-08
6.769033812029438950e-08
6.810864314325121124e-08
6.851936897117879885e-08
6.892283645400005301e-08
6.931878761489879866e-08
6.970736418061010928e-08
7.008874328976411542e-08
7.046245859510428508e-08
7.082858111544006295e-08
7.118683861991952058e-08
7.153625423338347206e-08
7.187611707762551598e-08
7.220522049018752979e-08
7.252234008116428024e-08
7.282584001375395727e-08
7.311426238001403894e-08
7.338547156659571035e-08
7.363755476289219900e-08
7.386878556729048177e-08
7.407781237473219630e-08
7.426279108139751460e-08
7.442209719415722051e-08
7.455467149957548536e-08
7.466018956555649285e-08
7.473866203618745431e-08
7.479028912037366481e-08
7.481521423441335785e-08
7.481424519831779539e-08
7.478779512327868912e-08
7.473643188140174923e-08
7.466066563479596319e-08
7.456117088864530328e-08
7.443983496227350379e-08
7.429902144048908742e-08
7.414111974320392338e-08
7.396724918887981718e-08
7.377987242344900395e-08
7.358315266318817830e-08
7.337988887583796029e-08
7.317101673467480007e-08
7.295704125013363285e-08
7.273951185611459743e-08
7.251950789241138932e-08
7.229878104216503947e-08
7.207932062314022483e-08
7.186178098288978710e-08
7.164632296119961654e-08
7.143339684490510352e-08
7.122291714376767498e-08
7.101395590871417636e-08
7.080549609097858168e-08
7.059633066971985941e-08
7.038556337092410074e-08
7.017249293878261572e-08
6.995686050417079608e-08
6.973814081262143022e-08
6.951549714839671842e-08
6.928777464545153887e-08
6.905332981765053103e-08
6.881076790803229798e-08
6.855814570529079211e-08
6.829322162224504989e-08
6.801461084133455162e-08
6.772065241147039089e-08
6.741053520309626738e-08
6.708371852146899466e-08
6.673983744400095139e-08
6.637828252867937713e-08
6.599933811742407437e-08
6.560317449907734910e-08
6.519063995983260803e-08
6.476274076299011866e-08
6.432046560773531573e-08
6.386531552779868442e-08
6.339864604179375418e-08
6.292179187431342550e-08
6.243654059134118020e-08
6.194517423462727839e-08
6.144992816559512769e-08
6.095339993299238661e-08
6.045823581829234174e-08
5.996669804886751440e-08
5.948091625535532841e-08
5.900294541595820145e-08
5.853477214066039672e-08
5.807844027784199403e-08
5.763597150694309921e-08
5.720934337729810078e-08
5.680050878493223261e-08
5.641136750543278764e-08
5.604369540880425331e-08
5.569919773598206530e-08
5.537945022875360908e-08
5.508591130455365665e-08
5.481991536959032609e-08
5.458262486070755871e-08
5.437506089970552709e-08
5.419805990069634469e-08
5.405222963664383671e-08
5.393799391840034092e-08
5.385556560363302668e-08
5.380492010297300662e-08
5.378588482835314314e-08
5.379820101090604312e-08
5.384118201224222405e-08
5.391293760119700418e-08
5.401570724587745978e-08
5.416248147061035075e-08
5.433211926381551321e-08
5.451963142268176169e-08
5.472140654528315195e-08
5.493289793088720713e-08
5.515015475379828074e-08
5.536996807974356797e-08
5.558957559007293981e-08
5.580653511876656460e-08
5.601867852058094050e-08
5.622408830121619481e-08
5.642110327326279716e-08
5.660830223210613547e-08
5.678446813257682043e-08
5.694858760844070665e-08
5.709983098757897403e-08
5.723753016105664633e-08
5.736116021828582804e-08
5.747032969736154397e-08
5.756476768839259801e-08
5.764431409201351072e-08
5.770891026605167418e-08
5.775859241327454519e-08
5.779347841375921682e-08
5.781375668679906194e-08
5.781968807511538873e-08
5.781161138777903544e-08
5.778993076041598095e-08
5.775510273199135047e-08
5.770763692908458492e-08
5.764810084162530353e-08
5.757710208878928184e-08
5.749528709224153244e-08
5.740333663546716143e-08
5.730196560931667567e-08
5.719191048662372828e-08
5.707392506978456098e-08
5.694877195291960862e-08
5.681721530425809679e-08
5.668002445956645694e-08
5.653796739470157661e-08
5.639180046840450367e-08
5.624226095253812556e-08
5.609006084912764709e-08
5.593588804301062189e-08
5.578039024454753644e-08
5.562416110272971494e-08
5.546773603873400207e-08
5.531158537153051732e-08
5.515610508146404693e-08
5.500160870811163529e-08
5.484832389203213134e-08
5.469638705204869544e-08
5.454585173446544462e-08
5.439669277882433712e-08
5.424880582972967115e-08
5.410201251739092578e-08
5.395607853428960473e-08
5.381072470138987633e-08
5.366561871187940032e-08
5.352039307178825418e-08
5.337465955939910739e-08
5.322801190207464249e-08
5.308002299739963555e-08
5.293026357897524875e-08
5.277829708518840958e-08
5.262367353967738112e-08
5.246594753832734378e-08
5.230467653682857097e-08
5.213941692633741426e-08
5.196973082154067158e-08
5.179519253603767690e-08
5.161538591896232630e-08
5.142989720076333379e-08
5.123833783301599145e-08
5.104033867156033894e-08
5.083555814203411504e-08
5.062368396527901676e-08
5.040443221600818952e-08
5.017755310919273860e-08
4.994283667000922206e-08
4.970012102361602357e-08
4.944929138095800306e-08
4.919028705540942911e-08
4.892310345889330477e-08
4.864778448045288077e-08
4.836442610021328091e-08
4.807318553739342848e-08
4.777428021778110240e-08
4.746799255685239932e-08
4.715466943912012226e-08
4.683471611127040797e-08
4.650859712764838496e-08
4.617683532457172363e-08
4.584002738749259006e-08
4.549883931130443492e-08
4.515399237591402863e-08
4.480627063622686584e-08
4.445652196075907996e-08
4.410565218961404231e-08
4.375462098687455480e-08
4.340445169856982736e-08
4.305622885086550509e-08
4.271109278090660110e-08
4.237023830603298199e-08
4.203491360277124476e-08
4.170641182061507988e-08
4.138606279992160080e-08
4.107526871225270232e-08
4.077548596541180887e-08
4.048823404910697347e-08
4.021508002025708953e-08
3.995762460371944308e-08
3.971750642495887815e-08
3.949640090001705532e-08
3.929599913302817175e-08
3.911792778200620789e-08
3.896362255878413068e-08
3.883418391995761122e-08
3.873031717102024200e-08
3.865233429334112987e-08
3.860023482521414288e-08
3.857379311153655936e-08
3.857263859474903561e-08
3.859630175554394947e-08
3.864423432271283649e-08
3.871581784445676797e-08
3.881038227321287012e-08
3.892725485463047876e-08
3.906564828269382576e-08
3.922554099597984193e-08
3.940926064438353984e-08
3.961385365944009987e-08
3.984357823461172219e-08
4.009367077282759582e-08
4.035574751282533425e-08
4.062831533823593528e-08
4.090922342823659866e-08
4.119632351074549569e-08
4.148770020805361678e-08
4.178152227169820206e-08
4.207605277929043751e-08
4.236968040060281507e-08
4.266093384774718376e-08
4.294847237591126993e-08
4.323107847675376839e-08
4.350764995856189338e-08
4.377718391295606995e-08
4.403877406300850676e-08
4.429160272885256392e-08
4.453494590746493020e-08
4.476816615879710563e-08
4.499071230178625512e-08
4.520212144024814595e-08
4.540200975139543464e-08
4.559008090446066832e-08
4.576612257008145001e-08
4.593000554204754444e-08
4.608167233532005802e-08
4.622113638980952982e-08
4.634847921466044599e-08
4.646383441501917646e-08
4.656738507268666626e-08
4.665935185771704746e-08
4.673998561708300252e-08
4.680954945878564717e-08
4.686831022236201009e-08
4.691652370452959923e-08
4.695441449298352273e-08
4.698217025048527603e-08
4.699991960553910397e-08
4.700773694156363240e-08
4.700564789677799530e-08
4.699364977496477129e-08
4.697172777325556459e-08
4.693988739653123725e-08
4.689818090014774164e-08
4.684671507851576638e-08
4.678566186810810702e-08
4.671526086414931450e-08
4.663581197632300826e-08
4.654766043591068170e-08
4.645120409293593453e-08
4.634686595876882668e-08
4.623509258845567860e-08
4.611634138761282519e-08
4.599107879777494701e-08
4.585976159687400355e-08
4.572284071119907825e-08
4.558075716075979418e-08
4.543393837015816432e-08
4.528279034756373248e-08
4.512771235053035078e-08
4.496908875630450746e-08
4.480728886694408255e-08
4.464267085432697840e-08
4.447559136105783839e-08
4.430639294185539954e-08
4.413541048360212834e-08
4.396296819768152635e-08
4.378937955107898129e-08
4.361493982221453865e-08
4.343994051228428038e-08
4.326466447034346860e-08
4.308937947226788632e-08
4.291434370534404506e-08
4.273980084391812917e-08
4.256597947243986123e-08
4.239309101384065771e-08
4.222134847427264305e-08
4.205095777966043632e-08
4.188212003806604045e-08
4.171503208321770176e-08
4.154988821348568328e-08
4.138687860137223603e-08
4.122619949618535116e-08
4.106805231049469455e-08
4.091265587940872663e-08
4.076023706730492215e-08
4.061103159500221673e-08
4.046528116425352450e-08
4.032323612326329070e-08
4.018516558319076221e-08
4.005134980711957805e-08
3.992207936992113269e-08
3.979764952891420008e-08
3.967836305395625640e-08
3.956452450146991274e-08
3.945643662347665264e-08
3.935440108460068627e-08
3.925870192165931104e-08
3.916962496701588415e-08
3.908750288123337067e-08
3.901271103945020601e-08
3.894548968011947623e-08
3.888569757908817050e-08
3.883295403378481530e-08
3.878743594252856490e-08
3.875281684237153030e-08
3.872665936602433115e-08
3.870615363287950816e-08
3.869096169035389106e-08
3.868092450750525272e-08
3.867588460591748596e-08
3.867568158541815521e-08
3.868016377500456284e-08
3.868920101785736475e-08
3.870268580817267181e-08
3.872052863533874235e-08
3.874266295108505168e-08
3.876903150792303011e-08
3.879958050109420474e-08
3.883425393615967313e-08
3.887298891528988918e-08
3.891572270767982123e-08
3.896238202138376804e-08
3.901289414775634060e-08
3.906717557965769454e-08
3.912513172106557564e-08
3.918665330621454419e-08
3.925162104909000752e-08
3.931990234137872844e-08
3.939135622649151414e-08
3.946583418879523732e-08
3.954317557529527346e-08
3.962320864149983050e-08
3.970575445323269823e-08
3.979063068860861966e-08
3.987763965829608876e-08
3.996658323014687796e-08
4.005725234479842642e-08
4.014941377738736420e-08
4.024281368713962476e-08
4.033716480228310327e-08
4.043224315054196370e-08
4.052757843245238186e-08
4.062356741419891727e-08
4.071946335696528775e-08
4.081582804621121033e-08
4.091102351863364693e-08
4.100181252641795866e-08
4.108711629776452613e-08
4.116637185334146531e-08
4.123921357497364211e-08
4.130535190517123834e-08
4.136454692828236028e-08
4.141660595124265905e-08
4.146137044256358636e-08
4.149870461935537289e-08
4.152850732860887291e-08
4.155070053780871663e-08
4.156522415384499335e-08
4.157204241630618849e-08
4.157114007764798055e-08
4.156251992199146065e-08
4.154619877861117145e-08
4.152222257628986134e-08
4.149065685478500631e-08
4.145158538290342386e-08
4.140512613583508013e-08
4.135142527569300231e-08
4.129065165351824523e-08
4.122300055826193682e-08
4.114869619822985253e-08
4.106798228231507722e-08
4.098112911452279144e-08
4.088842854559295247e-08
4.079019635636460774e-08
4.068676068633687594e-08
4.057846787097158174e-08
4.046567604328367060e-08
4.034875422597317072e-08
4.022807986241281234e-08
4.010403695425944151e-08
3.997700249276121379e-08
3.984734687143608940e-08
3.971544109320249634e-08
3.958164130357843939e-08
3.944629533821870013e-08
3.930973386980820426e-08
3.917226892624971283e-08
3.903418580513963082e-08
3.889574726788566583e-08
3.875719366021398046e-08
3.861874322062265239e-08
3.848058739324169925e-08
3.834289441412708752e-08
3.820580682327346380e-08
3.806943532132043115e-08
3.793387799141925339e-08
3.779920235137318004e-08
3.766546258044955182e-08
3.753269974344550559e-08
3.740093979979415365e-08
3.727018931704605963e-08
3.714044225469711192e-08
3.701168799272534418e-08
3.688391260160258951e-08
3.675709828001401881e-08
3.663122555106168352e-08
3.650627946152414136e-08
3.638223897299651807e-08
3.625908504208205060e-08
3.613681219493392005e-08
3.601542517546617883e-08
3.589494058674414852e-08
3.577538270083162320e-08
3.565678597401996182e-08
3.553919363331113267e-08
3.542267383964268134e-08
3.530731645210465741e-08
3.519323305503302863e-08
3.508055477069908420e-08
3.496943677455263608e-08
3.486005537182758187e-08
3.475260383849168150e-08
3.464731363621494646e-08
3.454443942191831351e-08
3.444427406141413236e-08
3.434726998773102206e-08
3.425414672603864213e-08
3.416541720959195580e-08
3.408095606147149555e-08
3.400184818601655501e-08
3.392940966103210915e-08
3.386101089168798604e-08
3.379555739743921579e-08
3.373289446613039118e-08
3.367297521259635785e-08
3.361579666668354168e-08
3.356141186470552262e-08
3.350993957423025432e-08
3.346155972353721826e-08
3.341650606379133049e-08
3.337504395382380056e-08
3.333746662171787432e-08
3.330409951546152957e-08
3.327527860631382791e-08
3.325134362133373720e-08
3.323263336337939357e-08
3.321947282272038797e-08
3.321215864487828127e-08
3.321096494966947846e-08
3.321613610136579743e-08
3.322787357866566624e-08
3.324633466968074470e-08
3.327162570057745467e-08
3.330379946753729578e-08
3.334284736955060535e-08
3.338870648696361649e-08
3.344126185558403797e-08
3.350034223439404622e-08
3.356572519703088749e-08
3.363714072665464014e-08
3.371426798974783025e-08
3.379674347111959518e-08
3.388416651075363517e-08
3.397609940266180225e-08
3.407206743107406602e-08
3.417156140631669429e-08
3.427404151441148280e-08
3.437894411475486731e-08
3.448568532694425950e-08
3.459367297081151952e-08
3.470230644453140762e-08
3.481098143379861689e-08
3.491909397990411692e-08
3.502604683955402373e-08
3.513125635954433106e-08
3.523414746434018630e-08
3.533416681482169107e-08
3.543078082501283433e-08
3.552348256825540031e-08
3.561178682696048934e-08
3.569524320122710038e-08
3.577342916189903192e-08
3.584596092471219743e-08
3.591249132834132240e-08
3.597270974262366639e-08
3.602633606487350139e-08
3.607312896729278185e-08
3.611288348188685697e-08
3.614542543108428640e-08
3.617062293312250276e-08
3.618837812551196660e-08
3.619862649421972852e-08
3.620133113438658532e-08
3.619649441245390633e-08
3.618414712418844246e-08
3.616434898050737060e-08
3.613719575721685633e-08
3.610281803456215104e-08
3.606137748007740855e-08
3.601306468574051670e-08
3.595810805488315385e-08
3.589676520583272680e-08
3.582932377386987075e-08
3.575610066190658913e-08
3.567744072832481713e-08
3.559370314033311221e-08
3.550526123079542120e-08
3.541249873692015269e-08
3.531580092519811956e-08
3.521555773693160474e-08
3.511215707302027262e-08
3.500598615302153591e-08
3.489742858550231548e-08
3.478687151263602045e-08
3.467469190685849578e-08
3.456125625947378959e-08
3.444691914053828518e-08
3.433200969454981027e-08
3.421683839152260579e-08
3.410170026907234422e-08
3.398686533274294890e-08
3.387257999282496928e-08
3.375907324359573519e-08
3.364657359435121655e-08
3.353530436952129943e-08
3.342550555172486486e-08
3.331740848169576956e-08
3.321125205920495570e-08
3.310725211114491133e-08
3.300562467285006852e-08
3.290661817162577817e-08
3.281062635845829660e-08
3.271797511578769413e-08
3.262861406608309841e-08
3.254250766214654017e-08
3.245967463152753210e-08
3.237989968613498938e-08
3.230307346934722437e-08
3.222911300061056838e-08
3.215791746696587487e-08
3.208952018879255046e-08
3.202382453999533544e-08
3.196090192962540510e-08
3.190077681186248192e-08
3.184355951648171995e-08
3.178940417970277525e-08
3.173849516771042418e-08
3.169089992971702785e-08
3.164659979680274203e-08
3.160577106763986402e-08
3.156865779539084020e-08
3.153540499139045690e-08
3.150602578889722048e-08
3.148063118666102178e-08
3.145935180584762460e-08
3.144240342126433610e-08
3.143010205752960787e-08
3.142269200787203036e-08
3.142005100709707647e-08
3.142333693973146284e-08
3.143624944673295951e-08
3.145268617096582123e-08
3.147244924473070791e-08
3.149529965635035045e-08
3.152090912247309828e-08
3.154877281414524558e-08
3.157859173274987208e-08
3.161011722632444807e-08
3.164313848296074146e-08
3.167753437236770538e-08
3.171332813951264556e-08
3.175057900281269767e-08
3.178923725865011353e-08
3.182924588199082617e-08
3.187053869754677239e-08
3.191310861645270262e-08
3.195695131791370682e-08
3.200211241654003922e-08
3.204855723890547639e-08
3.209619908841668609e-08
3.214494496083103260e-08
3.219468886225654260e-08
3.224532023286242465e-08
3.229670416105768966e-08
3.234872734733452525e-08
3.240128935647461283e-08
3.245428021991734510e-08
3.250752948343748458e-08
3.256084177258655495e-08
3.261401011948329468e-08
3.266681789842744079e-08
3.271905885525696417e-08
3.277054494506119156e-08
3.282114829619574260e-08
3.287068212176287367e-08
3.291893408431773324e-08
3.296570326243315431e-08
3.301079618430194647e-08
3.305402003549413394e-08
3.309516998293298837e-08
3.313405945263148390e-08
3.317048085383888284e-08
3.320421886915128112e-08
3.323506502072474259e-08
3.326283386482105721e-08
3.328731902090424175e-08
3.330834601459119534e-08
3.332573440418852314e-08
3.333937187703470280e-08
3.334914720468213044e-08
3.335494598575929089e-08
3.335667207482916714e-08
3.335425970261230303e-08
3.334766385717195513e-08
3.333684937195852857e-08
3.332180968773320211e-08
3.330254544854968639e-08
3.327908540127287926e-08
3.325142443689371849e-08
3.321959371697022589e-08
3.318366825042447817e-08
3.314371571762205648e-08
3.309981896678103256e-08
3.305208114617706799e-08
3.300062023124592066e-08
3.294555472285275503e-08
3.288701359273160993e-08
3.282510872009560954e-08
3.275993827679325804e-08
3.269164944429288468e-08
3.262042017723294076e-08
3.254644113214748021e-08
3.246989571944869745e-08
3.239098011511361941e-08
3.230991249652931860e-08
3.222691825351921930e-08
3.214221982258283621e-08
3.205599194700565174e-08
3.196843441219075456e-08
3.187977544930759058e-08
3.179025363753419733e-08
3.170011722420878093e-08
3.160959572640614127e-08
3.151891790297136296e-08
3.142829260358400076e-08
3.133790094228755967e-08
3.124790012954170924e-08
3.115847227772171346e-08
3.106978717607087383e-08
3.098200634762105201e-08
3.089527209485715551e-08
3.080971269441245651e-08
3.072544565380979484e-08
3.064257138388334945e-08
3.056116885548449521e-08
3.048127894874298543e-08
3.040294594738950019e-08
3.032621493591208638e-08
3.025112751309100336e-08
3.017771385625111266e-08
3.010598333779851575e-08
3.003593176619283044e-08
2.996754354880779119e-08
2.990079275851818698e-08
2.983562671487810897e-08
2.977198098636087108e-08
2.970981132505022228e-08
2.964908174398436382e-08
2.958975632529124807e-08
2.953179755328436380e-08
2.947516751378410764e-08
2.941983480202659086e-08
2.936578072210510580e-08
2.931299449432585109e-08
2.926146071905196405e-08
2.921115849697704054e-08
2.916209696041337373e-08
2.911430499238270529e-08
2.906782973235349836e-08
2.902273606772918106e-08
2.897910870306099595e-08
2.893705675271021132e-08
2.889672232206615434e-08
2.885827587512070310e-08
2.882193646433686845e-08
2.878806031068090395e-08
2.875726723972146762e-08
2.872994479505297565e-08
2.870694939482033793e-08
2.868938478081610987e-08
2.867440294582205741e-08
2.866109426634719536e-08
2.864914460371238700e-08
2.863831706699864503e-08
2.862845723206854511e-08
2.861948213380210992e-08
2.861138434005781827e-08
2.860421145485169022e-08
2.859803686010494264e-08
2.859295843228664269e-08
2.858910359639009319e-08
2.858660947217075510e-08
2.858563579362723021e-08
2.858635771763192903e-08
2.858896569681748819e-08
2.859365201018796941e-08
2.860059239498242985e-08
2.860995978448110556e-08
2.862190106662493290e-08
2.863655033780828921e-08
2.865401350561323343e-08
2.867437460684345662e-08
2.869768972622393355e-08
2.872399630438065601e-08
2.875328599638669108e-08
2.878552331327294248e-08
2.882058829353200339e-08
2.885828980897763186e-08
2.889837808477684083e-08
2.894057281498120077e-08
2.898460106995347625e-08
2.903019576846175930e-08
2.907713906659461461e-08
2.912523210304026324e-08
2.917430343698349117e-08
2.922418481458459728e-08
2.927469303284898044e-08
2.932558706208569661e-08
2.937649464277148451e-08
2.942700186321535261e-08
2.947673150427921901e-08
2.952535128140602125e-08
2.957257100582018349e-08
2.961813054992843102e-08
2.966177805333554038e-08
2.970328375471114594e-08
2.974240781319258798e-08
