1.106233014782124655e-07
1.106132117001087533e-07
1.106027791552403540e-07
1.105916590003665625e-07
1.105792621016206449e-07
1.105648175747991080e-07
1.105473959991406034e-07
1.105260442742394971e-07
1.104993445892819128e-07
1.104660980798140645e-07
1.104249454677091439e-07
1.103747037533680062e-07
1.103137108183233060e-07
1.102409241324979790e-07
1.101548673999606760e-07
1.100550465113027134e-07
1.099400506465067510e-07
1.098088834033868943e-07
1.096607627186141517e-07
1.094949089390758876e-07
1.093108787760871875e-07
1.091083627358112111e-07
1.088871991291810690e-07
1.086471926892055116e-07
1.083890913127030752e-07
1.081126003432229531e-07
1.078181095671703809e-07
1.075068288570827641e-07
1.071784243847222701e-07
1.068335174988722673e-07
1.064735977153883819e-07
1.060981930620177276e-07
1.057075293187485249e-07
1.053039333059111598e-07
1.048860898513460743e-07
1.044548170776784957e-07
1.040103152262218744e-07
1.035519029851812432e-07
1.030800318204971128e-07
1.025935097851017538e-07
1.020917349804832261e-07
1.015755535122405963e-07
1.010433560091339347e-07
1.004943605145804518e-07
9.992842433128020655e-08
9.934377410268745208e-08
9.873928675854779611e-08
9.811449069404707582e-08
9.746892592714504884e-08
9.680171755628468071e-08
9.611188246021601844e-08
9.539979692782496984e-08
9.466524536539580876e-08
9.390827063049156461e-08
9.312900854451841461e-08
9.232819566217967696e-08
9.150684062402050334e-08
9.066664420253774669e-08
8.980778854323718687e-08
8.893314433809451041e-08
8.804462869891124273e-08
8.714494209951488856e-08
8.623697311697002344e-08
8.532318838670488114e-08
8.440826717603315279e-08
8.349545928683046744e-08
8.258852467526098492e-08
8.169144416429208143e-08
8.080850506468488554e-08
7.994377176407689043e-08
7.910119693991170901e-08
7.828485257874212518e-08
7.749849058683231472e-08
7.674535921809317831e-08
7.602910049025968293e-08
7.535219594275458352e-08
7.471688554599314939e-08
7.412520806478918997e-08
7.357830065193107253e-08
7.307691317893519583e-08
7.262151718533727571e-08
7.221176583594980525e-08
7.184698785730851625e-08
7.152628521924246400e-08
7.124816817168446396e-08
7.101090244054738286e-08
7.081279153913464096e-08
7.065151505242358763e-08
7.052479247098294706e-08
7.043066521688557167e-08
7.036643233194690647e-08
7.033008055475562031e-08
7.031879235942187011e-08
7.033030060860219694e-08
7.036234523316635842e-08
7.041293837452563315e-08
7.047960046159553925e-08
7.056018227955361866e-08
7.065316765509810149e-08
7.075616510612486856e-08
7.086741570551400952e-08
7.098587530401512754e-08
7.110935859354931819e-08
7.123646741077433538e-08
7.136648636383975466e-08
7.149746881302900666e-08
7.162833338414686019e-08
7.175866896364656806e-08
7.188666753112900210e-08
7.201137268307473334e-08
7.213266774291556259e-08
7.224877177100724410e-08
7.235924645101644245e-08
7.246383171153169897e-08
7.256099147402972431e-08
7.265021043373382128e-08
7.273123866306688815e-08
7.280720074030820769e-08
7.290422304716769520e-08
7.299984995237318070e-08
7.308717138170616916e-08
7.316312263371307013e-08
7.322676595701819590e-08
7.327771087573998868e-08
7.331244222155637338e-08
7.332949666365287545e-08
7.332883804685300777e-08
7.330917649385972900e-08
7.327272787538263647e-08
7.321545967517157183e-08
7.313877514572353012e-08
7.304914533350232641e-08
7.293638545004838349e-08
7.280491252532961636e-08
7.265366281690455581e-08
7.248917525074539751e-08
7.230810569414924264e-08
7.210906452757016449e-08
7.189732849821782847e-08
7.167042248996249072e-08
7.142747727133159077e-08
7.117401098240179149e-08
7.090775465437166023e-08
7.062928000043143087e-08
7.034093341780853317e-08
7.004233964729310044e-08
6.973425048210066161e-08
6.941852793733453340e-08
6.909486333181514190e-08
6.876402485675674047e-08
6.842819911784555281e-08
6.808611409618891090e-08
6.773908296290378702e-08
6.738913429787696841e-08
6.703443979605439595e-08
6.667784948555871682e-08
6.632040136134936369e-08
6.596024475376694490e-08
6.559611756820985920e-08
6.522915523140025695e-08
6.486000616344614602e-08
6.448932275944870094e-08
6.411824966879631274e-08
6.374798462048795471e-08
6.337954194838175463e-08
6.301418936313327658e-08
6.265342852929201848e-08
6.229850280806396661e-08
6.195084183492608260e-08
6.161187260363249268e-08
6.128319116137189787e-08
6.096625922554284235e-08
6.066256497755250420e-08
6.037381104283348782e-08
6.010179442329918152e-08
5.984729225943533277e-08
5.961199539568458540e-08
5.939849232359356342e-08
5.920773134820645678e-08
5.904181412106532776e-08
5.890092079911915229e-08
5.878560783758761494e-08
5.869726165720058834e-08
5.863543322722943687e-08
5.860094994103384147e-08
5.859480347177538467e-08
5.861764716779005933e-08
5.866986043180667986e-08
5.875150479149843279e-08
5.886241885612196366e-08
5.900198290681474803e-08
5.917055776639218995e-08
5.936848700662662895e-08
5.959569330268712890e-08
5.985364391511065596e-08
6.014168084304333014e-08
6.045925240518632317e-08
6.081679875509747648e-08
6.120747820320468661e-08
6.160881946986221008e-08
6.207705336119438435e-08
6.255889727918725557e-08
6.304181603222522013e-08
6.353153681500156294e-08
6.402331094526606122e-08
6.451131918414928413e-08
6.499266795588082492e-08
6.546667495897471241e-08
6.593102429735147624e-08
6.638495539415671430e-08
6.682483004655957129e-08
6.724965556842861977e-08
6.765783959141409477e-08
6.804857477452795195e-08
6.842106240622669246e-08
6.877442995987656781e-08
6.910953932943519744e-08
6.942698817447095946e-08
6.972664013361556034e-08
7.000958297447937275e-08
7.027646099550368919e-08
7.052876067932354585e-08
7.076787496176951070e-08
7.099430688884297519e-08
7.120851758602970461e-08
7.141131808516801683e-08
7.160342036091253076e-08
7.178394748909871003e-08
7.195281639032162638e-08
7.210940254354064832e-08
7.225211270538043790e-08
7.237999734256028654e-08
7.249210442740623913e-08
7.258628963225003693e-08
7.266161478285762352e-08
7.271661220770841081e-08
7.275088969405220115e-08
7.276420613594307893e-08
7.275685321834535106e-08
7.272792018975257442e-08
7.267775590534527154e-08
7.260667977039509679e-08
7.251512720745836202e-08
7.240336878865846871e-08
7.227197992521119331e-08
7.212197192765023734e-08
7.195484680334536547e-08
7.177186799866833186e-08
7.157434532432030985e-08
7.136307143107934756e-08
7.114005566508643348e-08
7.090589707259065413e-08
7.066221581245290668e-08
7.040948780531601718e-08
7.014952679308988291e-08
6.988440429851799721e-08
6.961702894839343898e-08
6.934851124186379360e-08
6.908021917218270768e-08
6.881067478443709518e-08
6.853903418126153693e-08
6.826806999970908594e-08
6.799724954035843504e-08
6.772307010576100312e-08
6.744419527375460075e-08
6.715932544263321357e-08
6.687039996036757757e-08
6.657842817642121980e-08
6.628200257440716589e-08
6.597768446040547526e-08
6.566375891058222329e-08
6.533917619150371050e-08
6.500205225640587817e-08
6.465094988175378197e-08
6.428490327506213262e-08
6.390377231001700458e-08
6.350767690731037067e-08
6.309704606373876001e-08
6.267277203295901967e-08
6.223567300405680530e-08
6.178698015865313848e-08
6.132842261419359613e-08
6.086221934801719075e-08
6.039001610638502729e-08
5.991375637125822471e-08
5.943621937909229941e-08
5.895967680553891661e-08
5.848730178334920480e-08
5.802229605283637015e-08
5.756774113572420176e-08
5.712614464375316387e-08
5.670058865369896777e-08
5.629353828124629128e-08
5.590773331770268694e-08
5.554562302417536139e-08
5.520927406065322644e-08
5.490085524165684533e-08
5.462206039308477380e-08
5.437423559368786750e-08
5.415862782297988399e-08
5.397657148153855453e-08
5.382898985333607503e-08
5.371673026156795350e-08
5.364035347500741384e-08
5.359982406527565474e-08
5.359469310659504908e-08
5.362448160734026736e-08
5.368997826663383468e-08
5.379282541961532224e-08
5.393053425168014899e-08
5.410343540520865834e-08
5.430301673658828660e-08
5.451879847059211818e-08
5.474561681796498278e-08
5.497946147554998903e-08
5.521655186354847824e-08
5.545341058437307146e-08
5.568690779068795934e-08
5.591421490369945374e-08
5.613283445531502730e-08
5.634057133810630372e-08
5.653549172854035420e-08
5.671597291931711186e-08
5.688068083115551533e-08
5.702852266817862559e-08
5.715867326501017332e-08
5.727055313149059247e-08
5.736378118123744573e-08
5.743817814436143825e-08
5.749376943177140627e-08
5.753072611940548627e-08
5.754936645573974989e-08
5.755016049668357720e-08
5.753369526550772125e-08
5.750068689205291948e-08
5.745195800446006230e-08
5.738841520172946668e-08
5.731103762228981913e-08
5.722088987749621028e-08
5.711909229999662323e-08
5.700680710938510380e-08
5.688523914210232647e-08
5.675562008843771750e-08
5.661918688038632410e-08
5.647718758294496216e-08
5.633086350144373900e-08
5.618143287109810356e-08
5.603007989735436880e-08
5.587794044289904903e-08
5.572608937184742158e-08
5.557553040441274058e-08
5.542717782423496692e-08
5.528184573164267971e-08
5.514022109950583445e-08
5.500284166879108802e-08
5.487008703334462881e-08
5.474217583343051890e-08
5.461915721264999840e-08
5.450089807763908630e-08
5.438709409842753076e-08
5.427728776588861935e-08
5.417087254433107389e-08
5.406710966827872257e-08
5.396515238412919273e-08
5.386407633851320634e-08
5.376289332847931610e-08
5.366057607166834809e-08
5.355607493871035098e-08
5.344833512433555685e-08
5.333631725475573398e-08
5.321900937807551299e-08
5.309543208522322609e-08
5.296463986385014341e-08
5.282573348219153472e-08
5.267787632966645768e-08
5.252028762156696975e-08
5.235224330252921160e-08
5.217308941649779846e-08
5.198224643001583108e-08
5.177921415635494202e-08
5.156357341595122258e-08
5.133498988762963092e-08
5.109320753536003024e-08
5.083806759183086690e-08
5.056951016094370279e-08
5.028757072638151002e-08
4.999237989277220392e-08
4.968417810494633717e-08
4.936332074295127194e-08
4.903026354975659394e-08
4.868557048475902556e-08
4.832992666097644248e-08
4.796413293972727747e-08
4.758909791166040770e-08
4.720584693018805421e-08
4.681551941594673473e-08
4.641935344185180241e-08
4.601870009857694034e-08
4.561501610440715411e-08
4.520985812105142426e-08
4.480488105998542573e-08
4.440183223790353881e-08
4.400254237950832093e-08
4.360890734835055522e-08
4.322288818872160088e-08
4.284649118734640283e-08
4.248175547201967873e-08
4.213072455941698068e-08
4.179541340407174111e-08
4.147778025996065036e-08
4.117969246261046858e-08
4.090289347197597766e-08
4.064895480171242373e-08
4.041923485077950101e-08
4.021481659812443501e-08
4.003643395081283779e-08
3.988443294261338288e-08
3.975878939955501115e-08
3.965918839297924017e-08
3.958515493273329527e-08
3.953616074855247189e-08
3.951163445116029963e-08
3.951088204151304935e-08
3.953303920422365695e-08
3.957717572247792083e-08
3.964243889238764988e-08
3.972813023327986686e-08
3.983367930784091440e-08
3.995852951431217136e-08
4.010207774085473234e-08
4.026377471574168553e-08
4.044363700176758055e-08
4.064169989416954419e-08
4.085491664054340484e-08
4.110225722652299277e-08
4.136089076102297212e-08
4.162837603795302646e-08
4.190164701396460561e-08
4.217761176273518342e-08
4.245379634294940490e-08
4.272814771635448530e-08
4.299890820032640608e-08
4.326456238373818843e-08
4.352380941636335499e-08
4.377553300986213801e-08
4.401878401018675829e-08
4.425275692763689459e-08
4.447676962979819673e-08
4.469023652773607675e-08
4.489266352455035065e-08
4.508362347662484799e-08
4.526274352575059802e-08
4.542970012486874425e-08
4.558420947278298384e-08
4.572601772579351245e-08
4.585490320210133480e-08
4.597067433170650347e-08
4.607315838246913369e-08
4.616221779889621678e-08
4.623775096070953323e-08
4.629969365946814434e-08
4.634802291253456051e-08
4.638276865170375949e-08
4.640401170825132702e-08
4.641189342971193193e-08
4.640662768197605409e-08
4.638850186480796253e-08
4.635789002150647948e-08
4.631524898379345205e-08
4.626111867262129076e-08
4.619611279739638791e-08
4.612090760996320868e-08
4.603622967706462240e-08
4.594283915829616563e-08
4.584149698563855930e-08
4.573293961084627399e-08
4.561785971489244249e-08
4.549688632964228412e-08
4.537058534925659866e-08
4.523948095766153139e-08
4.510412647830882332e-08
4.496528064110605174e-08
4.482458583881420254e-08
4.468533927527971077e-08
4.454791533422699078e-08
4.440947792910191062e-08
4.426877578639321200e-08
4.412551726305439568e-08
4.397968344235386660e-08
4.383135197746483757e-08
4.368064755758722665e-08
4.352771276356436708e-08
4.337270038519361704e-08
4.321575596684976051e-08
4.305700259319483525e-08
4.289651848579432172e-08
4.273433750702350200e-08
4.257046318509418430e-08
4.240489272023211524e-08
4.223765284678127822e-08
4.206881060498377664e-08
4.189848936295186037e-08
4.172686807856360747e-08
4.155418997311039356e-08
4.138074702681375490e-08
4.120685293005736855e-08
4.103286361305489903e-08
4.085917229798510296e-08
4.068620962369032550e-08
4.051444090402513161e-08
4.034435913305242416e-08
4.017647484202699655e-08
4.001133147974888305e-08
3.984949704447173571e-08
3.969156577008513844e-08
3.953816390661478870e-08
3.938996169148509546e-08
3.924768306316619494e-08
3.911212364956977705e-08
3.898415901627313207e-08
3.886470664556711683e-08
3.875463473923929722e-08
3.865469131633506371e-08
3.856543501713098122e-08
3.848702786593308901e-08
3.841913371148372798e-08
3.836122410964671480e-08
3.831814145143957120e-08
3.829156144363573493e-08
3.827382123195061056e-08
3.826492838889438810e-08
3.826468884318903762e-08
3.827269131564223406e-08
3.828838327503334974e-08
3.831118212237457868e-08
3.834054173711914120e-08
3.837596634409994967e-08
3.841699856352788167e-08
3.846321019224297406e-08
3.851421704821495798e-08
3.856966038413815486e-08
3.862920351587224437e-08
3.869252691889548941e-08
3.875933031013521335e-08
3.882932285663347665e-08
3.890223077688626485e-08
3.897779356194505340e-08
3.905576426021184336e-08
3.913590183756325660e-08
3.921797148521607557e-08
3.930174075936109982e-08
3.938697652213384577e-08
3.947345217041417880e-08
3.956093891182798931e-08
3.964920598294611594e-08
3.973801192430431708e-08
3.982710733636606853e-08
3.991622742902422045e-08
4.000508951612677307e-08
4.009340098851707794e-08
4.018084482374736055e-08
4.026708155985240389e-08
4.035174601224069949e-08
4.043444092716751626e-08
4.051474434839756212e-08
4.059221823146036921e-08
4.066641476699475392e-08
4.073686732489445232e-08
4.080309759221383773e-08
4.086462956346941123e-08
4.092099073321294434e-08
4.097172656320864094e-08
4.101641381427886224e-08
4.105466629705783489e-08
4.108613879845372747e-08
4.111052576543525991e-08
4.112757196671738747e-08
4.113707907825561548e-08
4.113890508002840224e-08
4.113297533692838875e-08
4.111927596138805714e-08
4.109785140794676129e-08
4.106880098348332880e-08
4.103227935356384675e-08
4.098850012705586528e-08
4.093772320057834829e-08
4.088026377281776064e-08
4.081647487579778767e-08
4.074674163448660684e-08
4.067147413143999816e-08
4.059110460431522215e-08
4.050607582904463391e-08
4.041683936057700442e-08
4.032385152417960263e-08
4.022755891324251440e-08
4.012838872811626298e-08
4.002674571698316778e-08
3.992301088026403113e-08
3.981752439984720340e-08
3.971060584302781865e-08
3.960254027478937263e-08
3.949357558383137835e-08
3.938391851042534039e-08
3.927374671427982586e-08
3.916320143384351842e-08
3.905238671871178539e-08
3.894137781446431420e-08
3.883022789099853039e-08
3.871895969253840691e-08
3.860757351978422007e-08
3.849605245719437732e-08
3.838435560210697030e-08
3.827242937684531024e-08
3.816020496989917684e-08
3.804761166718450228e-08
3.793456963539942956e-08
3.782100457047083314e-08
3.770684617416656254e-08
3.759202187893588086e-08
3.747647743376186724e-08
3.736016841289647278e-08
3.724306248839457637e-08
3.712515408332707731e-08
3.700646166255321329e-08
3.688702662451373889e-08
3.676691141117204279e-08
3.664621565058511065e-08
3.652506512445344785e-08
3.640361390850710322e-08
3.628206021931769436e-08
3.616064061198542018e-08
3.603962454070484147e-08
3.591931965637669469e-08
3.580007571127454679e-08
3.568227503606712592e-08
3.556634153087930440e-08
3.545273444266103402e-08
3.534195525791021195e-08
3.523456017380336168e-08
3.513118767763535962e-08
3.503243294852905168e-08
3.493860056398263157e-08
3.485034252976255670e-08
3.477300779679641114e-08
3.470511006840595142e-08
3.464322343829847857e-08
3.458740262388017810e-08
3.453712666207289460e-08
3.449174991555554842e-08
3.445094398427577692e-08
3.441459995818961894e-08
3.438271270117880216e-08
3.435534590564814970e-08
3.433262102457968720e-08
3.431470546738453015e-08
3.430179356409566841e-08
3.429409729457725088e-08
3.429183137057979567e-08
3.429519624891792292e-08
3.430438336225641746e-08
3.431955164802538665e-08
3.434082822880549058e-08
3.436829876168792198e-08
3.440200262017038576e-08
3.444192722065486691e-08
3.448801099188972344e-08
3.454014589430643853e-08
3.459817534151200062e-08
3.466188610260080280e-08
3.473100618860035310e-08
3.480520459579320625e-08
3.488408437995474395e-08
3.496720474254940518e-08
3.505409589981861573e-08
3.514427816152118538e-08
3.523726829446699977e-08
3.533257946483605529e-08
3.542971972665087121e-08
3.552817905088431950e-08
3.562742291475444984e-08
3.572688884921784584e-08
3.582598339664256388e-08
3.592408457228487197e-08
3.602055397585153290e-08
3.611474536832377129e-08
3.620600718874004930e-08
3.629370182889434674e-08
3.637720772351788678e-08
3.645592323319751184e-08
3.652927258167894199e-08
3.659671393095550714e-08
3.665772825560907533e-08
3.671183545374851066e-08
3.675860857412446971e-08
3.679767398874349958e-08
3.682871546437597674e-08
3.685145828328899526e-08
3.686568719485063550e-08
3.687123076888460917e-08
3.686798400308949760e-08
3.685589929418195430e-08
3.683498967319297256e-08
3.680533033658973429e-08
3.676705730943765534e-08
3.672036132027743766e-08
3.666548469513301329e-08
3.660273052419150124e-08
3.653244831305069467e-08
3.645502876192056227e-08
3.637090242124800402e-08
3.628053391784609853e-08
3.618440847265865771e-08
3.608303671083831234e-08
3.597695031256858674e-08
3.586668891593802464e-08
3.575279702853063797e-08
3.563581640419052674e-08
3.551628054085661794e-08
3.539470335361592165e-08
3.527158700685480983e-08
3.514743007190399998e-08
3.502277219965113379e-08
3.489844845995274374e-08
3.477649183569334747e-08
3.465779952369484573e-08
3.454083328730797844e-08
3.442519842378788396e-08
3.431099690566811551e-08
3.419842164594485539e-08
3.408767345553810973e-08
3.397893775449528515e-08
3.387237214594877294e-08
3.376809290775859005e-08
3.366617815296351174e-08
3.356666113691003796e-08
3.346953829228629395e-08
3.337478484947212095e-08
3.328236174417631945e-08
3.319223062016611516e-08
3.310435230787906868e-08
3.301869887236738085e-08
3.293524902694084911e-08
3.285399717920725029e-08
3.277494725552135240e-08
3.269812794422092213e-08
3.262358408523420033e-08
3.255138991131809559e-08
3.248164493193854220e-08
3.241447557855665388e-08
3.235002463032915923e-08
3.228845635293413542e-08
3.222995063591907953e-08
3.217468539565926474e-08
3.212284842372866898e-08
3.207461629597551101e-08
3.203015605259356581e-08
3.198961759550958167e-08
3.195316575213489431e-08
3.192097313938291744e-08
3.189325513533032660e-08
3.187032073959120817e-08
3.185292065742762142e-08
3.184310428961061265e-08
3.184143896357555637e-08
3.184657450171604797e-08
3.185935210230485838e-08
3.188114214870495037e-08
3.190768715865040895e-08
3.193787643843916726e-08
3.197136196251272898e-08
3.200794814435643817e-08
3.204777346474297729e-08
3.209121920846681199e-08
3.213804971328220183e-08
3.218741451838992941e-08
3.223868012861466617e-08
3.229150254759649272e-08
3.234567950166126918e-08
3.240105464022810363e-08
3.245748913355499792e-08
3.251486046855187079e-08
3.257303590084365121e-08
3.263188560479291003e-08
3.269128541957640680e-08
3.275110120092204077e-08
3.281117258529344394e-08
3.287129729117106537e-08
3.293132315961537093e-08
3.299100575712276798e-08
3.305021235788303670e-08
3.310868099025937565e-08
3.316629689735338369e-08
3.322278201574984553e-08
3.327795859177894171e-08
3.333144346206102693e-08
3.338277587185027770e-08
3.343176470175965201e-08
3.347840146513856342e-08
3.352246705732934780e-08
3.356388731715980965e-08
3.360256320529725100e-08
3.363823920223040650e-08
3.367073441634163353e-08
3.369978584739937996e-08
3.372524013149092276e-08
3.374694653940506014e-08
3.376467780280776016e-08
3.377818184528052334e-08
3.378740267865730856e-08
3.379225362821269271e-08
3.379263111327879997e-08
3.378840371976893092e-08
3.377940094377405193e-08
3.376561712542210715e-08
3.374702748324736735e-08
3.372357611600946893e-08
3.369518503492175994e-08
3.366186679573864788e-08
3.362363803343728827e-08
3.358058657491317901e-08
3.353283071717771290e-08
3.348047246085846136e-08
3.342367255894165308e-08
3.336244519273581322e-08
3.329707752634250648e-08
3.322788152736554847e-08
3.315514876710364499e-08
3.307912642796994298e-08
3.300002323754992857e-08
3.291806696298833508e-08
3.283363774650869983e-08
3.274709104857152402e-08
3.265878446043166381e-08
3.256911816360675293e-08
3.247846862985968011e-08
3.238708823916672648e-08
3.229518661262497538e-08
3.220304964810876801e-08
3.211095313513178212e-08
3.201916529846129033e-08
3.192790928014923922e-08
3.183732938703456421e-08
3.174754128420745632e-08
3.165874208588669532e-08
3.157113671300695936e-08
3.148487706362385168e-08
3.140010716239186058e-08
3.131690567006731793e-08
3.123535039984678693e-08
3.115545206371274813e-08
3.107717506493286462e-08
3.100052368025465896e-08
3.092551569953752126e-08
3.085218714117067400e-08
3.078055860746885634e-08
3.071064723102701824e-08
3.064244173291030136e-08
3.057583174917384552e-08
3.051070911275346998e-08
3.044702764612955671e-08
3.038475116711418128e-08
3.032383082198857802e-08
3.026421010548871528e-08
3.020583755170093112e-08
3.014859770987369761e-08
3.009238620776535628e-08
3.003720817513364360e-08
2.998310962550274565e-08
2.993014034162985028e-08
2.987836144193874262e-08
2.982784283378200030e-08
2.977869042783197608e-08
2.973097433012894878e-08
2.968470783702061418e-08
2.963999036190022606e-08
2.959700632130083776e-08
2.955595505091888830e-08
2.951704402841319711e-08
2.948050908655520991e-08
2.944659972637418600e-08
2.941559027893710658e-08
2.938774645621056560e-08
2.936354985861552981e-08
2.934343321959855492e-08
2.932718890016976144e-08
2.932083065295069362e-08
2.931917115540876874e-08
2.932071813445632036e-08
2.932517321994427930e-08
2.933211526334966811e-08
2.934119824001241845e-08
2.935214706229973080e-08
2.936492528078302893e-08
2.937957614358150073e-08
2.939616300900726531e-08
2.941477807957588440e-08
2.943555122590404320e-08
2.945859804248996207e-08
2.948399475174986286e-08
2.951184707798403451e-08
2.954203251635373745e-08
2.957433845824241492e-08
2.960877736547834090e-08
2.964537534243402193e-08
2.968412387042803943e-08
2.972490191227664075e-08
2.976773097484004027e-08
2.981242501844035297e-08
2.985880319232801863e-08
2.990614637442349301e-08
2.995409998914424397e-08
3.000252829261412507e-08
3.005143002454262776e-08
3.010072214531629421e-08
3.015033425542984200e-08
3.020005537828294234e-08
3.024970709843542476e-08
3.029904847662911966e-08
3.034761376057041859e-08
3.039460221018002985e-08
3.043971436008947666e-08
3.048285041109183128e-08
3.052361580618797522e-08
3.056175418470128501e-08
3.059713035896715100e-08
3.062979129150467474e-08
3.065972154847489501e-08
3.068680991170302348e-08
3.071065037724740851e-08
3.073071795237809557e-08
3.074684102666612208e-08
3.075881990961199572e-08
3.076644464571648421e-08
3.076950625944188207e-08
3.076781422549360552e-08
3.076121246044535787e-08
3.074951635080027532e-08
3.073243786099255035e-08
3.070963096805988297e-08
3.068088920549863977e-08
3.064641863304814156e-08
3.060656619191821519e-08
3.056165793814523652e-08
3.051196578564278612e-08
3.045771812513902298e-08
3.039912532680545115e-08
3.033638182880152275e-08
3.026966258633087417e-08
3.019899863891933835e-08
3.012435503992014958e-08
3.004603638750027677e-08
2.996446255694448950e-08
2.988005591398075840e-08
2.979323067758008336e-08
2.970439512816783024e-08
2.961396215807556913e-08
2.952233240472616393e-08
2.942988594699877238e-08
2.933688846421898154e-08
2.924331304365573041e-08
2.914929805509557323e-08
2.905517222952377980e-08
2.896146826917398532e-08
2.886885190243424967e-08
2.877799489629924493e-08
2.868955837698860199e-08
2.860436812490117297e-08
2.852509594184636057e-08
2.845179729007351055e-08
2.838247101127493189e-08
2.831623079011654597e-08
2.825272725391895163e-08
2.819178253983753817e-08
2.813326645206688373e-08
2.807706628400930853e-08
2.802305462684430686e-08
2.797112308045879174e-08
2.792111851894285498e-08
2.787289994927713799e-08
2.782592667036476095e-08
2.777957020695940790e-08
2.773390257826055277e-08
2.768909889101134335e-08
2.764547945519349172e-08
2.760322804558463213e-08
2.756238545295685655e-08
2.752285175493545178e-08
2.748445134738088868e-08
2.744700595908077746e-08
2.741089563444069006e-08
2.737665539590468858e-08
2.734359528769882993e-08
2.731108207680187875e-08
2.727979023913787471e-08
2.725149761237517793e-08
2.722587266901948129e-08
2.720265390332236364e-08
2.718363264281078797e-08
2.717002986032651104e-08
2.716136019456478793e-08
2.715743427260653831e-08
