1.106057235704685296e-07
1.105919227158315773e-07
1.105777897325705940e-07
1.105629466214728096e-07
1.105467147318798226e-07
1.105281569146974122e-07
1.105061462377717011e-07
1.104795727189435429e-07
1.104468336537943837e-07
1.104066035776508007e-07
1.103573081522178482e-07
1.102976100303679055e-07
1.102254623640443360e-07
1.101396429852185547e-07
1.100384246869786721e-07
1.099214984198565257e-07
1.097872523961980629e-07
1.096346475563626117e-07
1.094628971126612607e-07
1.092711469920886230e-07
1.090588860605225099e-07
1.088257283810465896e-07
1.085713967689976353e-07
1.082956854281621065e-07
1.079995260977018908e-07
1.076826466315840143e-07
1.073453303142059109e-07
1.069890471497035223e-07
1.066133266608074544e-07
1.062186616413778550e-07
1.058068037179839200e-07
1.053770950888533641e-07
1.049300482272820373e-07
1.044673883609979872e-07
1.039878463793011702e-07
1.034926733132765557e-07
1.029810247995293495e-07
1.024525042105035147e-07
1.019077669818633341e-07
1.013454031690544269e-07
1.007639351578669871e-07
1.001649857032343037e-07
9.954657397996584552e-08
9.890836657542260025e-08
9.825018109571758619e-08
9.757087796362692441e-08
9.686909324749125998e-08
9.614537934686311869e-08
9.539947321153757285e-08
9.463117721270106619e-08
9.384076762692407882e-08
9.302969456921587643e-08
9.219821924792289393e-08
9.134788499680974125e-08
9.048048222233672708e-08
8.959753292635078239e-08
8.870202738756799942e-08
8.779681111658477239e-08
8.688440696484342738e-08
8.596909267559932519e-08
8.505455598006434541e-08
8.414478959370863881e-08
8.324448564071702938e-08
8.235763568215675469e-08
8.148963667138916475e-08
8.064501187733416661e-08
7.982820240909953288e-08
7.904336450068065765e-08
7.829489146163976127e-08
7.758634965931437845e-08
7.692077874295558017e-08
7.630103343815494008e-08
7.572916943419877038e-08
7.520651260560777487e-08
7.473418258618699171e-08
7.431231639195579320e-08
7.394037247358392789e-08
7.361762018348979844e-08
7.334255529802715030e-08
7.311328027360962574e-08
7.292772567620138168e-08
7.278330510589605105e-08
7.267727393325312635e-08
7.260696658488041114e-08
7.256922268490083969e-08
7.256103371283251229e-08
7.257968667495267638e-08
7.262181688870383917e-08
7.268439803778044087e-08
7.276516340198157326e-08
7.286089004054379228e-08
7.296967626284215880e-08
7.308809155395982374e-08
7.321400835828622704e-08
7.334493090675977833e-08
7.347958236162161819e-08
7.361536993085436447e-08
7.375018931756775889e-08
7.388337625300858384e-08
7.401260716859482041e-08
7.413605293292294800e-08
7.425401203944247456e-08
7.436384483601384927e-08
7.446440460483973868e-08
7.455626010691842738e-08
7.463701030476885195e-08
7.470603977597157136e-08
7.476387462939701633e-08
7.480824157689884545e-08
7.483910357452966561e-08
7.485694576639292804e-08
7.485972412859723161e-08
7.484883673793405619e-08
7.483679081605364657e-08
7.481733936521011340e-08
7.478307902822801889e-08
7.473273328349572938e-08
7.466542840236099661e-08
7.457987344092879692e-08
7.447623823392837237e-08
7.435502239287944429e-08
7.421450632952923576e-08
7.405574668250306062e-08
7.387973490368008718e-08
7.368544811379928501e-08
7.347434490881734740e-08
7.324704988739766685e-08
7.300322643806607226e-08
7.274529846119420934e-08
7.247225830888299002e-08
7.218590543610206783e-08
7.188927092687779608e-08
7.157966287388538840e-08
7.125998904772496363e-08
7.093097441211488075e-08
7.059535475665121465e-08
7.025383072461373083e-08
6.990615642222927557e-08
6.955512629877171821e-08
6.920087664519040791e-08
6.884346966491142419e-08
6.848593698312706900e-08
6.812700981335302938e-08
6.776869757802850709e-08
6.741083162917687027e-08
6.705476360411678989e-08
6.669837695242473734e-08
6.634235137369305811e-08
6.598670720019090651e-08
6.563199340283967420e-08
6.527905140599810989e-08
6.492787030951277636e-08
6.457925551566305449e-08
6.423386290609502638e-08
6.389285882090613941e-08
6.355563445187079493e-08
6.322273367990567780e-08
6.289541150921082705e-08
6.257451310185315403e-08
6.226142884596610421e-08
6.195756471068982367e-08
6.166420117888433560e-08
6.138266826766229340e-08
6.111455312101854337e-08
6.086111022775743865e-08
6.062355399664261041e-08
6.040334842951070748e-08
6.020152186793829763e-08
6.001901438260376398e-08
5.985688369349078562e-08
5.971593443803512356e-08
5.959674103188500786e-08
5.950005600038216545e-08
5.942641069308833931e-08
5.937621739719306012e-08
5.934929514186817422e-08
5.934672718642699288e-08
5.936928693103354770e-08
5.941943293797574768e-08
5.949164404169158366e-08
5.958894196031262840e-08
5.971172316320927287e-08
5.986155072225539132e-08
6.003830959693684176e-08
6.024224860147806014e-08
6.047252483397563864e-08
6.073269300251313685e-08
6.102695921012571775e-08
6.133227638966425084e-08
6.169303429111922809e-08
6.210453884888860211e-08
6.252018173967370639e-08
6.296081927969754082e-08
6.341519495651734696e-08
6.387562883458051363e-08
6.433878963808132120e-08
6.479662087078968605e-08
6.524448446598898915e-08
6.567877759256336565e-08
6.609775676792645150e-08
6.649879977182320198e-08
6.688070772262565583e-08
6.724189670892653548e-08
6.758234015440389403e-08
6.790153426695116686e-08
6.819968956658912509e-08
6.847632711779082913e-08
6.873288598396180917e-08
6.896911633549845869e-08
6.918660993281116038e-08
6.938348218616543552e-08
6.956326097847651504e-08
6.972651731075843638e-08
6.987609937358042538e-08
7.001103482084057918e-08
7.013137755043010567e-08
7.023941378255101612e-08
7.033630578805795728e-08
7.042262826030114765e-08
7.049963921558448652e-08
7.056813490828775945e-08
7.062924651704551651e-08
7.068272695287675204e-08
7.072760715944974386e-08
7.076300702178807829e-08
7.078822319814920985e-08
7.080093760485280375e-08
7.079959746186936375e-08
7.078281006134898660e-08
7.075087015724195321e-08
7.070153301018846311e-08
7.063541833945716658e-08
7.055219841760266063e-08
7.045189787491241276e-08
7.033461542727501741e-08
7.020046010808368809e-08
7.004962397136545020e-08
6.988298000052533056e-08
6.969972746680933119e-08
6.950099467618663954e-08
6.928684860182845795e-08
6.905817655745640249e-08
6.881484184351127879e-08
6.855774029334496053e-08
6.828784015031339253e-08
6.800617414501617267e-08
6.771359166805234973e-08
6.741139630428013642e-08
6.710052265355229140e-08
6.678192436160316710e-08
6.645700484385278726e-08
6.612647953453253897e-08
6.579147835540471152e-08
6.545298291215785435e-08
6.511189888020895956e-08
6.476858441493623060e-08
6.442178239206052481e-08
6.407089240959504752e-08
6.371144796287771344e-08
6.333826733264353338e-08
6.294891439106021831e-08
6.255260124794069132e-08
6.217183450335494296e-08
6.180261488589331371e-08
6.142420389265365525e-08
6.103642964361417251e-08
6.064431657077993282e-08
6.024636174227958349e-08
5.984448165860999254e-08
5.944362394646312246e-08
5.904529869004609686e-08
5.865371325894190421e-08
5.827279888977893830e-08
5.790374817474783293e-08
5.754758710945753242e-08
5.720597429838009542e-08
5.688083615772164976e-08
5.657388618999065899e-08
5.628725141616487977e-08
5.602304050132763097e-08
5.578337276263119304e-08
5.557006838859179227e-08
5.538505563978681223e-08
5.522965778357266850e-08
5.510492174651865833e-08
5.501196631018186282e-08
5.495155179248099512e-08
5.492473010153639747e-08
5.493179147745680361e-08
5.497194787413875975e-08
5.506210763798617343e-08
5.518998854166308023e-08
5.534207825756428825e-08
5.551490887910869689e-08
5.570414746842586031e-08
5.590532326148875583e-08
5.611442461162100924e-08
5.632770631169921631e-08
5.654164057451158640e-08
5.675302082604761843e-08
5.695892929667742690e-08
5.715659379259701784e-08
5.734366765839342610e-08
5.751790312456478247e-08
5.767709793224225357e-08
5.781930482434937258e-08
5.794293231117961203e-08
5.804674052840511943e-08
5.812992745876166506e-08
5.819201665826376798e-08
5.823282401325821583e-08
5.825246326919349927e-08
5.825125594834784369e-08
5.822971841281789369e-08
5.818858671016962785e-08
5.812876122547402014e-08
5.805129253914598210e-08
5.795738356340190065e-08
5.784834641262226743e-08
5.772563837275116260e-08
5.759081882578317120e-08
5.744547908848856556e-08
5.729128806803833089e-08
5.712995463254051582e-08
5.696316800839471116e-08
5.679262905610634599e-08
5.662001146911340892e-08
5.644691699076796208e-08
5.627487892324502800e-08
5.610534952022325145e-08
5.593963657085090623e-08
5.577889876423196938e-08
5.562412781821445094e-08
5.547609885958271782e-08
5.533538458428398429e-08
5.520231232358221008e-08
5.507693653902523522e-08
5.495903576864755604e-08
5.484814991948126379e-08
5.474355476331362736e-08
5.464427528530015304e-08
5.454912565705172016e-08
5.445673789902289789e-08
5.436559670237946847e-08
5.427409012438695610e-08
5.418054851688430205e-08
5.408327765739584365e-08
5.398059859685234602e-08
5.387088463282298270e-08
5.375258990445889222e-08
5.362426881744358205e-08
5.348458991473735300e-08
5.333235670972016986e-08
5.316650695613030472e-08
5.298611060947765114e-08
5.279038131661824612e-08
5.257868730621820628e-08
5.235054997948936077e-08
5.210563377476378087e-08
5.184375355535559171e-08
5.156488602932381962e-08
5.126915550134289362e-08
5.095683929427517001e-08
5.062836939941653037e-08
5.028434469863076910e-08
4.992552136165981083e-08
4.955281784998187094e-08
4.916730845138138106e-08
4.877022608478433050e-08
4.836296574660588854e-08
4.794708565661601964e-08
4.752429635849531720e-08
4.709645597743414241e-08
4.666557093078854878e-08
4.623380018007026248e-08
4.580343299705444191e-08
4.537688066344010913e-08
4.495666181768669468e-08
4.454539036072775900e-08
4.414574730455886125e-08
4.376043839053382139e-08
4.339214737986510012e-08
4.304347501105530155e-08
4.271689013279096579e-08
4.241465592212405800e-08
4.213875334693404278e-08
4.189081529894191363e-08
4.167209293115906884e-08
4.148343191339416375e-08
4.132525720450287717e-08
4.119759823747339637e-08
4.110013352029371031e-08
4.103223258020971488e-08
4.099298967403099577e-08
4.098127644572491993e-08
4.099577894974881517e-08
4.103503210220193675e-08
4.109745926001417837e-08
4.118141410807665564e-08
4.128519355715896374e-08
4.140707148489122460e-08
4.154532130688442303e-08
4.169824698090560416e-08
4.186419973858535771e-08
4.204160879049662243e-08
4.222899183929186113e-08
4.242497128153184634e-08
4.262829029240454423e-08
4.283786241050087787e-08
4.305278320004806796e-08
4.327205109338636678e-08
4.349451969934698471e-08
4.371941175663931621e-08
4.394896661320813343e-08
4.418902964665979822e-08
4.443193228987919409e-08
4.466684259203504314e-08
4.489159636961201105e-08
4.510495311259687133e-08
4.530605246005761944e-08
4.549426658016632572e-08
4.566912522652108835e-08
4.583027074595260217e-08
4.597744887793035922e-08
4.611048539085168006e-08
4.622928415446091257e-08
4.633380022493784344e-08
4.642404317500542079e-08
4.650006763598823412e-08
4.656196415094590878e-08
4.660984732043945867e-08
4.664386191253918918e-08
4.666417481622682487e-08
4.667097207436644791e-08
4.666446186284407275e-08
4.664487745502599566e-08
4.661249310929652155e-08
4.656763312822287079e-08
4.651070547275595533e-08
4.644220691105223280e-08
4.636273500879713319e-08
4.627299147748838131e-08
4.617377344679506736e-08
4.606596535997798036e-08
4.595051370534284344e-08
4.582840536716184819e-08
4.570062978589926834e-08
4.556815259548755156e-08
4.543189103936573159e-08
4.529275185295546518e-08
4.515171184120889109e-08
4.501008866769132205e-08
4.486986920397994521e-08
4.473265663721966730e-08
4.459768662057013167e-08
4.446344838841652319e-08
4.432916112268471643e-08
4.419455569861542407e-08
4.405967640780904974e-08
4.392493791547006050e-08
4.379108179902293536e-08
4.365822093443293372e-08
4.352511640724756299e-08
4.339039567041666178e-08
4.325319160039462979e-08
4.311298506033175024e-08
4.296941929344544943e-08
4.282224492397586137e-08
4.267128858815324641e-08
4.251646979986543017e-08
4.235779587097632405e-08
4.219539293719585987e-08
4.202951914048606760e-08
4.186062262698933727e-08
4.168939932559558884e-08
4.151683953180274594e-08
4.134391807798659130e-08
4.117116421898159933e-08
4.099888740043529145e-08
4.082754090221509797e-08
4.065778005135236689e-08
4.049043635510669867e-08
4.032651866834058005e-08
4.016730148877638342e-08
4.001430215382553137e-08
3.986910103083886186e-08
3.973280390550295917e-08
3.960599410270804096e-08
3.948921098146532583e-08
3.938347488963550321e-08
3.929047066414642472e-08
3.921124018016604194e-08
3.914570387588930164e-08
3.909651160941560413e-08
3.906807520923737106e-08
3.906167964490189127e-08
3.906836389341273531e-08
3.908624309281131059e-08
3.911485498473978821e-08
3.915374844275234716e-08
3.920234478413364350e-08
3.925990822003450901e-08
3.932555182358818373e-08
3.939829452017536136e-08
3.947712118615678402e-08
3.956103401213081240e-08
3.964908790445470486e-08
3.974039951849447186e-08
3.983416082471107072e-08
3.992963977613869992e-08
4.002617974871546868e-08
4.012319145836506280e-08
4.022015995785587923e-08
4.031662989675332514e-08
4.041219856325818429e-08
4.050651351253338980e-08
4.059926938781657087e-08
4.069019052617326372e-08
4.077903248378894364e-08
4.086558374580702374e-08
4.094964947162139048e-08
4.103104635557004498e-08
4.110959790023420268e-08
4.118513811542930787e-08
4.125748727585340176e-08
4.132647206962162215e-08
4.139191562258031405e-08
4.145362882163251601e-08
4.151140804163410256e-08
4.156503717693145530e-08
4.161428026578105308e-08
4.165887456046051434e-08
4.169855008022514124e-08
4.173302514728898945e-08
4.176199641037512047e-08
4.178515422267950516e-08
4.180217857868718865e-08
4.181274572640793157e-08
4.181652523238246400e-08
4.181321533650260965e-08
4.180254028040365243e-08
4.178426243042018550e-08
4.175819141094869550e-08
4.172420438816187008e-08
4.168224530817054869e-08
4.163233733308080077e-08
4.157458824887894725e-08
4.150921979086521147e-08
4.143653937933990472e-08
4.135693402809959324e-08
4.127086509384150910e-08
4.117885150671709534e-08
4.108146850958184301e-08
4.097932587174856157e-08
4.087305111505979535e-08
4.076327185225371042e-08
4.065060406534839734e-08
4.053563592710094609e-08
4.041891621134722650e-08
4.030096412644622298e-08
4.018224867336365298e-08
4.006318924993465050e-08
3.994415093662495720e-08
3.982542834024316081e-08
3.970724561509233876e-08
3.958977189235517450e-08
3.947312301243235420e-08
3.935734389306675913e-08
3.924241696340387420e-08
3.912827558464419252e-08
3.901480017233973027e-08
3.890183046322475478e-08
3.878917808830589918e-08
3.867663191303147249e-08
3.856396707540961597e-08
3.845094513006242886e-08
3.833733196114589170e-08
3.822290609427883744e-08
3.810746452316288608e-08
3.799084158115101055e-08
3.787290859501340954e-08
3.775357648007451022e-08
3.763279919904483046e-08
3.751058385255233332e-08
3.738699808098938139e-08
3.726216532778188773e-08
3.713628118465795637e-08
3.700960181709492547e-08
3.688244569500064986e-08
3.675519667748233260e-08
3.662830377628310698e-08
3.650227815741343092e-08
3.637769697911107822e-08
3.625520589961310498e-08
3.613550681321726926e-08
3.601935711559195698e-08
3.590756833109559794e-08
3.580101511651562768e-08
3.570061939532603014e-08
3.560728547604434571e-08
3.552185370085366369e-08
3.544608397046521732e-08
3.538374367960373160e-08
3.533399363948568018e-08
3.529573581159036775e-08
3.526864848139827485e-08
3.525087721592201881e-08
3.524133373930567044e-08
3.523956606479729638e-08
3.524528481170414947e-08
3.525825096494090371e-08
3.527824363495986699e-08
3.530505227791040573e-08
3.533845110720832819e-08
3.537819364786573562e-08
3.542399155075756498e-08
3.547552465221021436e-08
3.553243924988661210e-08
3.559434313377863779e-08
3.566081993229598124e-08
3.573142997013952987e-08
3.580573501564698292e-08
3.588337545006367224e-08
3.596427188059778650e-08
3.604907113711338575e-08
3.613787219306162692e-08
3.622894806230324009e-08
3.632115556959441043e-08
3.641395530718710600e-08
3.650700218070270479e-08
3.660001170605264161e-08
3.669271205342751363e-08
3.678483840321447310e-08
3.687613141388003542e-08
3.696634347048514051e-08
3.705526673710953309e-08
3.714273266560114792e-08
3.722850553014943787e-08
3.731207083467455061e-08
3.739262324069044541e-08
3.746926929817854600e-08
3.754116414154437814e-08
3.760753389484895804e-08
3.766766859572165026e-08
3.772091133160220760e-08
3.776665071323423744e-08
3.780433559249823948e-08
3.783346649342225663e-08
3.785360491148199892e-08
3.786437560123792018e-08
3.786547349769357459e-08
3.785666166590411060e-08
3.783777949601170427e-08
3.780874790309474272e-08
3.776957098417021049e-08
3.772033197699740044e-08
3.766119566405782454e-08
3.759240262402606574e-08
3.751426515966834700e-08
3.742717713749619984e-08
3.733159853849745466e-08
3.722805873510593373e-08
3.711714894640232130e-08
3.699951732265684798e-08
3.687585817356664605e-08
3.674691112997233484e-08
3.661345339105228206e-08
3.647629018277456432e-08
3.633624157438411515e-08
3.619412805870902567e-08
3.605076123093257087e-08
3.590692545611116611e-08
3.576339770451291551e-08
3.562102348579808744e-08
3.548105132518102892e-08
3.534532384052286733e-08
3.521404555333334993e-08
3.508644761630628195e-08
3.496244262882658042e-08
3.484220322953224096e-08
3.472595408803126199e-08
3.461400052231143342e-08
3.450684779872688335e-08
3.440452912202708168e-08
3.430605512613339400e-08
3.421056527807571334e-08
3.411755058516455594e-08
3.402664429255392692e-08
3.393754855824056194e-08
3.385001005207228870e-08
3.376381307787564047e-08
3.367876970904195203e-08
3.359471983703493148e-08
3.351155194358111272e-08
3.342918892833665686e-08
3.334761448296286510e-08
3.326686747436837785e-08
3.318705840509157798e-08
3.310840457061948532e-08
3.303129738996789922e-08
3.295640707441324216e-08
3.288502345369703546e-08
3.282002863188533563e-08
3.276150389011818094e-08
3.270851646480462795e-08
3.266075431839082885e-08
3.261991337332943301e-08
3.258740857532900119e-08
3.255998886572962912e-08
3.253757292965895239e-08
3.252042829439041702e-08
3.250897318632212672e-08
3.250385329852195958e-08
3.250577292151543305e-08
3.251475344530122234e-08
3.253255659163579299e-08
3.256490168735508605e-08
3.260284237039525905e-08
3.264598757938490815e-08
3.269355730266530262e-08
3.274469420689116048e-08
3.279897651953424293e-08
3.285677021740035684e-08
3.291910765325838080e-08
3.298492853317941140e-08
3.305261788725599279e-08
3.312147189068671307e-08
3.319111704714462643e-08
3.326126327218204379e-08
3.333164520666128185e-08
3.340200716314285608e-08
3.347210240326493790e-08
3.354168914399628294e-08
3.361053785811369693e-08
3.367842637503419603e-08
3.374514050166710861e-08
3.381047441748194809e-08
3.387422172386892753e-08
3.393618002772984508e-08
3.399615008284196330e-08
3.405393963107155311e-08
3.410935322798712464e-08
3.416219429640959195e-08
3.421225628141439930e-08
3.425933253791905549e-08
3.430320772746886941e-08
3.434366511686652748e-08
3.438048253119572459e-08
3.441343878308502941e-08
3.444230426506605279e-08
3.446685010046752949e-08
3.448684759405627131e-08
3.450206681887786462e-08
3.451229471884873755e-08
3.451733128943965515e-08
3.451698805200070272e-08
3.451108981114102035e-08
3.449949216834057343e-08
3.448207321647444093e-08
3.445873983457204430e-08
3.442943204108030602e-08
3.439412284128780995e-08
3.435281686739801238e-08
3.430554784679379359e-08
3.425238436350927605e-08
3.419343243196078919e-08
3.412883409597979218e-08
3.405876670302903369e-08
3.398345225358473611e-08
3.390314937357379021e-08
3.381815862364193338e-08
3.372882500780140930e-08
3.363553280516767607e-08
3.353870263404454503e-08
3.343877741241967125e-08
3.333621454863221675e-08
3.323146510327250115e-08
3.312497117243155041e-08
3.301715490204535480e-08
3.290842147680637803e-08
3.279916945331038012e-08
3.268978180981018024e-08
3.258062856897126055e-08
3.247207158646790506e-08
3.236444934676503688e-08
3.225804963688012488e-08
3.215308963152829235e-08
3.204984165308971061e-08
3.194841208035787831e-08
3.184905658348232584e-08
3.175179384309623149e-08
3.165685261895465796e-08
3.156419034590960600e-08
3.147387463687480266e-08
3.138573076146658607e-08
3.129943037272496944e-08
3.121494578001950973e-08
3.113249047705538918e-08
3.105214891390155291e-08
3.097409437015409292e-08
3.089851099724278590e-08
3.082542425167400526e-08
3.075487893179821494e-08
3.068678309091681318e-08
3.062105366456899458e-08
3.055760249739041928e-08
3.049627418668156029e-08
3.043693229334349871e-08
3.037950538862481989e-08
3.032392812902263698e-08
3.027014350831689424e-08
3.021813505337092366e-08
3.016793289003214539e-08
3.011960374592138379e-08
3.007323938486304568e-08
3.002895904560472431e-08
2.998692319427894537e-08
2.994730549087424556e-08
2.991031820375999250e-08
2.987620757642383945e-08
2.984523307217285019e-08
2.981772308900498176e-08
2.979403783488668722e-08
2.977472795160072227e-08
2.976036214448207527e-08
2.975194534256714918e-08
2.975107034898612930e-08
2.975860018707268930e-08
2.977689201005321025e-08
2.980433414349797645e-08
2.984015786530349585e-08
2.988226732415253239e-08
2.993120754974596386e-08
2.998404532176295175e-08
3.003880586409696453e-08
3.009486279575317046e-08
3.015206991606315768e-08
3.021018505524015357e-08
3.026906763659889701e-08
3.032842933394947578e-08
3.038802642684797552e-08
3.044749910149746149e-08
3.050674791281916257e-08
3.056572864353258339e-08
3.062436097430803758e-08
3.068250530892872682e-08
3.073996030100294150e-08
3.079657921154292754e-08
3.085210662503186986e-08
3.090626224171450634e-08
3.095872229784561336e-08
3.100930638655954093e-08
3.105792377067054264e-08
3.110441589686606778e-08
3.114864272362106895e-08
3.119041207114249147e-08
3.122938089132830688e-08
3.126499101198105223e-08
3.129719372542764069e-08
3.132628122529390170e-08
3.135274579693348060e-08
3.137766054138111050e-08
3.140133113549465996e-08
3.142220913659599947e-08
3.143958270121899947e-08
3.145567770444965472e-08
3.146750024683163483e-08
3.147456518716548147e-08
3.147642310125268658e-08
3.147288893195715613e-08
3.146381408422875442e-08
3.144909001068436918e-08
3.142839242684477822e-08
3.140115716397519399e-08
3.136742760799879306e-08
3.132742936637934436e-08
3.128132497414310336e-08
3.122925145478116631e-08
3.117135437308129506e-08
3.110780173788276871e-08
3.103869519552839361e-08
3.096404488696920671e-08
3.088413974336299842e-08
3.079942052095849364e-08
3.071036703650135911e-08
3.061741928540946552e-08
3.052093352593753465e-08
3.042131003802377002e-08
3.031918556302456470e-08
3.021535294929528389e-08
3.011131572467322982e-08
3.000906787606429256e-08
2.990923101517256786e-08
2.981138962545934193e-08
2.971539758597139342e-08
2.962152207663159548e-08
2.953020672357686275e-08
2.944154624526580214e-08
2.935533206688002457e-08
2.927146695312904259e-08
2.918975327517024933e-08
2.911021056802568901e-08
2.903314193949432056e-08
2.895872025632538308e-08
2.888684564225677267e-08
2.881773254374329218e-08
2.875133227999692872e-08
2.868772271024748845e-08
2.862657521447504440e-08
2.856757842135842485e-08
2.851066357946613627e-08
2.845601908045942766e-08
2.840357940836503503e-08
2.835335931543039876e-08
2.830519830938181272e-08
2.825901150216432186e-08
2.821465529468589313e-08
2.817196063999690545e-08
2.813058089430110540e-08
2.809011806758010676e-08
2.805069141797662829e-08
2.801227365044954786e-08
2.797472801433011334e-08
2.793818974448691586e-08
2.790293024539662099e-08
2.786920123984838134e-08
2.783730027790908079e-08
2.780744855023618521e-08
2.777964403459231961e-08
2.775517278178134192e-08
2.773469235246382717e-08
2.771748186698288640e-08
2.770399970536027862e-08
2.769495584136035409e-08
2.769087562508249149e-08
2.769159619304481501e-08
2.769650533728718369e-08
2.770578386886141682e-08
2.771871544062392202e-08
2.773563906762969966e-08
2.775762620702840090e-08
2.778510563861596495e-08
2.781939946522761250e-08
2.785776694608081300e-08
2.789901576709519094e-08
2.794214156547778767e-08
2.798644376917199347e-08
2.803141354279089264e-08
2.807651098309595886e-08
2.812117553874404025e-08
2.816528922372797427e-08
2.820894903479573128e-08
2.825226794849927171e-08
2.829532290615010600e-08
2.833810780237793911e-08
2.838054562534475630e-08
2.842247489243374801e-08
2.846367157871788081e-08
2.850386946151019233e-08
2.854273015415386155e-08
2.858004248483037161e-08
2.861567198496045781e-08
2.864945930348435256e-08
2.868123314103901800e-08
2.871081913650014032e-08
2.873805211153511045e-08
2.876276447964588124e-08
2.878480821481692011e-08
2.880404055154988821e-08
2.882024319125698623e-08
2.883319781068910352e-08
2.884282602375911838e-08
2.884910603209889570e-08
2.885204935531430545e-08
2.885169164221694282e-08
2.884808887583072369e-08
2.884126284417125715e-08
2.883116786501081345e-08
2.881768207595793919e-08
2.880059201104506471e-08
2.877955976039880983e-08
2.875436327923857289e-08
2.872488728536338939e-08
2.869110892537138823e-08
2.865308852248967300e-08
2.861089748909140279e-08
2.856460467813928011e-08
2.851427454490152714e-08
2.845998031741948079e-08
2.840180041445738769e-08
2.833981591594260949e-08
2.827399217293224798e-08
2.820444670409662596e-08
2.813156013082822778e-08
2.805575108097109875e-08
2.797742739762386768e-08
2.789700346322301500e-08
2.781488836264689465e-08
2.773150468401576603e-08
2.764729764234571639e-08
2.756268968555217099e-08
