1.105868452958328376e-07
1.105664907645836101e-07
1.105458327990656059e-07
1.105245530919734167e-07
1.105019390637596866e-07
1.104768605895777716e-07
1.104478494198728214e-07
1.104134227851111393e-07
1.103716873243943555e-07
1.103212734321848732e-07
1.102605480271558882e-07
1.101882089245822486e-07
1.101017650692098942e-07
1.099996706967448970e-07
1.098798780309250366e-07
1.097420287848922808e-07
1.095845998317093531e-07
1.094066700964138583e-07
1.092073904046444390e-07
1.089858004394641549e-07
1.087413179597756986e-07
1.084735437791184600e-07
1.081821195384087410e-07
1.078668610109903528e-07
1.075287638191752745e-07
1.071676785128394269e-07
1.067836616510295758e-07
1.063783947943271439e-07
1.059513572406389682e-07
1.055028946085682656e-07
1.050350030453698886e-07
1.045468898905560254e-07
1.040398410888810493e-07
1.035138163258984847e-07
1.029684777017093929e-07
1.024054480550895207e-07
1.018227812622792499e-07
1.012205845409383118e-07
1.005995606566004122e-07
9.995947734035312297e-08
9.929625474716514173e-08
9.861324517036475545e-08
9.790864647430484022e-08
9.718265070265589522e-08
9.643528707587926128e-08
9.566632171854001212e-08
9.487506305335166499e-08
9.406278760081433457e-08
9.323006487459827357e-08
9.237775994062410015e-08
9.150806721463386677e-08
9.062365214006490457e-08
8.972597216195139909e-08
8.881817537375676329e-08
8.790406059230431556e-08
8.698639206587123906e-08
8.607015612460824693e-08
8.515954531598398011e-08
8.425917690618181730e-08
8.337447193694162067e-08
8.251035837844963962e-08
8.167158383875972611e-08
8.086375004465176043e-08
8.009127396639261816e-08
7.935899151863991130e-08
7.867108164015845708e-08
7.803090702947563403e-08
7.744103812545733598e-08
7.690399828095665066e-08
7.642100481321022798e-08
7.599252610722882443e-08
7.561870980729415855e-08
7.529866260231682681e-08
7.503084297245441402e-08
7.481331701096200404e-08
7.464367768657750702e-08
7.451891988275512360e-08
7.443601909597134265e-08
7.439158862655152481e-08
7.438211139763954058e-08
7.440402016489308389e-08
7.445356619723563208e-08
7.452714527166898254e-08
7.462137203282668553e-08
7.473232835030685593e-08
7.485702575054414653e-08
7.499219640169428147e-08
7.513436580899607600e-08
7.528129056329625012e-08
7.542970802856794045e-08
7.557699093618246930e-08
7.571987842715724613e-08
7.585848580359090625e-08
7.598953064087793587e-08
7.611057634067711087e-08
7.622174093948385618e-08
7.632048303120811129e-08
7.640502882909166173e-08
7.647562344819076668e-08
7.653015912903718988e-08
7.656720446445648648e-08
7.658822402220457422e-08
7.659043281521095670e-08
7.657340783621830939e-08
7.653851693833452200e-08
7.648352979105425757e-08
7.640868409762824790e-08
7.631515330033143110e-08
7.620143957248350908e-08
7.607285177660038204e-08
7.592997105235745532e-08
7.576740997672555733e-08
7.558606371231380247e-08
7.538459657657053615e-08
7.516438598557167508e-08
7.492446497419017397e-08
7.466653467756118245e-08
7.439148863193534023e-08
7.409912211893548261e-08
7.379117970400250350e-08
7.346920087969306055e-08
7.313314461406281181e-08
7.278491557494953577e-08
7.242692774689754986e-08
7.205971201574681786e-08
7.168463929278552476e-08
7.130387030230022827e-08
7.091890254313231229e-08
7.053131711500007162e-08
7.014198388344157147e-08
6.975231677945068613e-08
6.936317862295291649e-08
6.897780036743121911e-08
6.859477656490585473e-08
6.821627975308729201e-08
6.784247450430763270e-08
6.747239771013597972e-08
6.710620491026488753e-08
6.674468425334403235e-08
6.638759922704135801e-08
6.603503112275033587e-08
6.568758105566830339e-08
6.534508659795262703e-08
6.500776802143595644e-08
6.467609858230647228e-08
6.435024090978527818e-08
6.403059644478505041e-08
6.371777830128271461e-08
6.341224539786933605e-08
6.311463319063863346e-08
6.282568513028025006e-08
6.254613675802841926e-08
6.227675888038431834e-08
6.201799952363222390e-08
6.177116983562175444e-08
6.153603345347229989e-08
6.131334305249752844e-08
6.110419041604894194e-08
6.090945679738573177e-08
6.073011750448616897e-08
6.056742711712321884e-08
6.042216313265138706e-08
6.029509482108820412e-08
6.018725417179543722e-08
6.009914019052515170e-08
6.003108415440702925e-08
5.998386453917420291e-08
5.995753423101577270e-08
5.995211569280753082e-08
5.996808770777699450e-08
6.000529125495307612e-08
6.006359376492271850e-08
6.014353862500868839e-08
6.024492980137374377e-08
6.036861239204659057e-08
6.051369101751277597e-08
6.068094763727782973e-08
6.087390995558058386e-08
6.109059611476813808e-08
6.132155300197177813e-08
6.161305663689732302e-08
6.190915693465021940e-08
6.223983692253919212e-08
6.260495550685500569e-08
6.297229050715131187e-08
6.334860969456154225e-08
6.373216887285489735e-08
6.411429804460477811e-08
6.449665580677908714e-08
6.487470924731568083e-08
6.524555351615335075e-08
6.561173574771743129e-08
6.595978458614599250e-08
6.628801920732647489e-08
6.659554686312934309e-08
6.688161610638065419e-08
6.714565501914210128e-08
6.738823856326238868e-08
6.760884913949903559e-08
6.780905040633928533e-08
6.798702737615588759e-08
6.814415850155205271e-08
6.828306204404003876e-08
6.840357700979840676e-08
6.850624385013749457e-08
6.859358936207925821e-08
6.866541110493365271e-08
6.872365752740981628e-08
6.876977669124699942e-08
6.880361934541910237e-08
6.882798437491862747e-08
6.884319044164732383e-08
6.885265210829902150e-08
6.885672080612008711e-08
6.885544874931159061e-08
6.884933285593220287e-08
6.883973291568166580e-08
6.882655249227942980e-08
6.880861646576593534e-08
6.878497077628692963e-08
6.875368161311745581e-08
6.871249482020160909e-08
6.865944029835750979e-08
6.859255978203531741e-08
6.851065392710703064e-08
6.841207472222930742e-08
6.829535878215809038e-08
6.815882829679769095e-08
6.800143968520806259e-08
6.782245846509950858e-08
6.762140801391764287e-08
6.739851776305941287e-08
6.715463284772927117e-08
6.688958044520971255e-08
6.660474223932007713e-08
6.630107901830002898e-08
6.598021342900444405e-08
6.564355593360968279e-08
6.529260641614241775e-08
6.492941095036834988e-08
6.455588306899938156e-08
6.417437306512234730e-08
6.378732517471976415e-08
6.339666175180256458e-08
6.300443876759087879e-08
6.261322023297553555e-08
6.222493088887536952e-08
6.184145744189973004e-08
6.146464705722338014e-08
6.109571036904164089e-08
6.073600720376973107e-08
6.038592730176392679e-08
6.004581134920360943e-08
5.971551253472957700e-08
5.939413191691177018e-08
5.907896889014894810e-08
5.877095074644237294e-08
5.847512421419514299e-08
5.820001250737123544e-08
5.794456691933754014e-08
5.770696579101171735e-08
5.748569314125788546e-08
5.728005289615726899e-08
5.709212775552505644e-08
5.692194294440273277e-08
5.677208082615983141e-08
5.664729842038583984e-08
5.654626479588802622e-08
5.646629070900731118e-08
5.640700017963324517e-08
5.636784995966878833e-08
5.635342358339812558e-08
5.638288400676767293e-08
5.644942962404788350e-08
5.653931255974596154e-08
5.664882372402410923e-08
5.677355259857617304e-08
5.690920393002163432e-08
5.705284003010797474e-08
5.720245204193170111e-08
5.735659895516228107e-08
5.751366113260858888e-08
5.767210737523451655e-08
5.783031354134532726e-08
5.798651812687095751e-08
5.813861127488210369e-08
5.828455867927426720e-08
5.842218110912081285e-08
5.854923436716105440e-08
5.866353965720216704e-08
5.876298496718806123e-08
5.884567483693287176e-08
5.890988615062161502e-08
5.895416626086750609e-08
5.897732927101233561e-08
5.897858415149535118e-08
5.895749286500829115e-08
5.891396439471113544e-08
5.884838379090024418e-08
5.876141591181887351e-08
5.865422226661300529e-08
5.852850208970223264e-08
5.838624797108354305e-08
5.822943358513100239e-08
5.806007955000911865e-08
5.788021965850589246e-08
5.769191821796173245e-08
5.749729784147776836e-08
5.729860793689696182e-08
5.709811325379334443e-08
5.689804559431587853e-08
5.670055354627478724e-08
5.650752935744785501e-08
5.632060634289785501e-08
5.614112822834626604e-08
5.597010736673255806e-08
5.580820173063348151e-08
5.565572927285509571e-08
5.551261780723963306e-08
5.537847993526306065e-08
5.525257831926554742e-08
5.513380327327969161e-08
5.502077816305037036e-08
5.491186697246319339e-08
5.480517049255026895e-08
5.469862497386014822e-08
5.459005474073542614e-08
5.447720727242213615e-08
5.435784152545783682e-08
5.422979664196717503e-08
5.409101306293626713e-08
5.393958904003635884e-08
5.377383084536030968e-08
5.359225261896854070e-08
5.339362839316788075e-08
5.317697494853114372e-08
5.294153535554162221e-08
5.268678899212714917e-08
5.241247055185524372e-08
5.211854646246947332e-08
5.180520502436018003e-08
5.147285302749227728e-08
5.112212079431006766e-08
5.075385305472312126e-08
5.036912395169907684e-08
4.996923035494968876e-08
4.955568303766082395e-08
4.913020045062346166e-08
4.869471051373671279e-08
4.825134707235164308e-08
4.780244130690289852e-08
4.735051926254068813e-08
4.689830301065396861e-08
4.644868999644429631e-08
4.600472846894539168e-08
4.556960240499885368e-08
4.514661011146998779e-08
4.473912151647146074e-08
4.435052110558137382e-08
4.398415270674331468e-08
4.364325523882600943e-08
4.333086726217130186e-08
4.304973767095821391e-08
4.280225921906604820e-08
4.259040303715885791e-08
4.241566161000525782e-08
4.227891118324072100e-08
4.218020311525167664e-08
4.211865435959518227e-08
4.209268810940248919e-08
4.210030906555541584e-08
4.213924265157460424e-08
4.220693061587372473e-08
4.230056823930541983e-08
4.241724728806489847e-08
4.255408041183810359e-08
4.270816819432456660e-08
4.287660644291908763e-08
4.305667193641700960e-08
4.324600659305693814e-08
4.344269170310950754e-08
4.364513776821782726e-08
4.385193977654894510e-08
4.406172512666697066e-08
4.427309683515657219e-08
4.448463825727324259e-08
4.469497863971714394e-08
4.490282353408106890e-08
4.510694449136989102e-08
4.530610981010925296e-08
4.549901433124428487e-08
4.568427114158417534e-08
4.586043423008069212e-08
4.602609848437777229e-08
4.617999068709253734e-08
4.632104010215517893e-08
4.644839175424549958e-08
4.656141141618527557e-08
4.665966745526326715e-08
4.674291548838865557e-08
4.681106187523682598e-08
4.686416185638488946e-08
4.690238852761785845e-08
4.692602036418732722e-08
4.693542049775501836e-08
4.693102713105272303e-08
4.691335239516012432e-08
4.688295550223015276e-08
4.684042947621028308e-08
4.678639984439914231e-08
4.672151050345412514e-08
4.664642243368625737e-08
4.656181641882474941e-08
4.646839576390463728e-08
4.636689627584429381e-08
4.625809398855763032e-08
4.614282588948183677e-08
4.602200818880279294e-08
4.589662139532469483e-08
4.576766417883875333e-08
4.563604710065678069e-08
4.550247349494193925e-08
4.536743738695698532e-08
4.523130939734858093e-08
4.509468576211508517e-08
4.496781294516475394e-08
4.484712342919133034e-08
4.472701904288216480e-08
4.460785848100547248e-08
4.448979523099062365e-08
4.437257499381946185e-08
4.425571705496592852e-08
4.413888041829846994e-08
4.402188923840397733e-08
4.390330754902901641e-08
4.378073554858172042e-08
4.365259177743690785e-08
4.351797203839298328e-08
4.337630976185770297e-08
4.322723930499838682e-08
4.307054343291593099e-08
4.290613778539681593e-08
4.273407650217746721e-08
4.255459366861421727e-08
4.236824117160130476e-08
4.217669236073228277e-08
4.198462263978244147e-08
4.179305379638574651e-08
4.160195336566907894e-08
4.141659246735383187e-08
4.123441909136978323e-08
4.105418040247601245e-08
4.087814455079099915e-08
4.070810047591752675e-08
4.054386177141197751e-08
4.038553575624541069e-08
4.023413183360500034e-08
4.009118795676925669e-08
3.995848824628677018e-08
3.983780072974943504e-08
3.973065538045824139e-08
3.963793216985456282e-08
3.955936428936119907e-08
3.949545364999770422e-08
3.946526089970606812e-08
3.944979469546484493e-08
3.945329045227214611e-08
3.947813574664886035e-08
3.951902627565587421e-08
3.957342987576132780e-08
3.964021023440667727e-08
3.971835575687332043e-08
3.980671741659175378e-08
3.990399784320550998e-08
4.000880143620783683e-08
4.011969717195824042e-08
4.023526812959531503e-08
4.035413188758531529e-08
4.047496877781702116e-08
4.059654552083119562e-08
4.071773645078865443e-08
4.083751776203135766e-08
4.095499091489354297e-08
4.106938307317109502e-08
4.118003491577822702e-08
4.128640369389618915e-08
4.138806031019869768e-08
4.148467579268637653e-08
4.157600314002433883e-08
4.166187024994373048e-08
4.174216739044805040e-08
4.181682189077368466e-08
4.188579483655106922e-08
4.194906782432287441e-08
4.200663862092207857e-08
4.205850381212686840e-08
4.210465100875578297e-08
4.214506084321232950e-08
4.217968673101923548e-08
4.220845912845897255e-08
4.223127176648309824e-08
4.224798626066694260e-08
4.225842503957063977e-08
4.226237225938344941e-08
4.225958678043037234e-08
4.224980628181976849e-08
4.223276936159415735e-08
4.220823332203181640e-08
4.217599092300535398e-08
4.213589436246879100e-08
4.208786608321805856e-08
4.203190704708357268e-08
4.196811254186943428e-08
4.189666956612746523e-08
4.181786450848757036e-08
4.173208281042813958e-08
4.163980338001723662e-08
4.154156799691874258e-08
4.143795498198593766e-08
4.132955970091949441e-08
4.121695780486189057e-08
4.110070016390791847e-08
4.098131074987942730e-08
4.085929039125166047e-08
4.073509603328943837e-08
4.060915077960359053e-08
4.048184453527186460e-08
4.035351854815304776e-08
4.022447015961825785e-08
4.009495069273134413e-08
3.996516632335423949e-08
3.983526359395772721e-08
3.970535619277743765e-08
3.957551772105368874e-08
3.944578050500763809e-08
3.931614412669735428e-08
3.918658046280470447e-08
3.905702754309157442e-08
3.892739335714492863e-08
3.879758324449558094e-08
3.866749451990504122e-08
3.853701829615699874e-08
3.840604886115075840e-08
3.827448988697660850e-08
3.814225417977907691e-08
3.800927588676463376e-08
3.787552020467664466e-08
3.774098637282017772e-08
3.760571129494015108e-08
3.746977951820871843e-08
3.733333158814471578e-08
3.719655900665237230e-08
3.705972892441205559e-08
3.692318426530713522e-08
3.678735283751100338e-08
3.665275689193907296e-08
3.652002803130285805e-08
3.638990630142152496e-08
3.626323566528709682e-08
3.614097493730420394e-08
3.602417420218427111e-08
3.591398289133173880e-08
3.581165420532123529e-08
3.571860432991885973e-08
3.563644167671282010e-08
3.556648667257173341e-08
3.550923720405546806e-08
3.547218884533079680e-08
3.545701080476049185e-08
3.545606645649771761e-08
3.546956706973893265e-08
3.549658762026176698e-08
3.553606860880829569e-08
3.558676149760528040e-08
3.564923850906455821e-08
3.572094250396266753e-08
3.579847381740667546e-08
3.588085821554433170e-08
3.596739210488885710e-08
3.605751642199441721e-08
3.615084086406908852e-08
3.624718083692509603e-08
3.634630728539416789e-08
3.644738719351723970e-08
3.654915644109179386e-08
3.665053072486038661e-08
3.675075524189936226e-08
3.684931629657758442e-08
3.694594244398817483e-08
3.704116912520187708e-08
3.713775297012916021e-08
3.723396144512424298e-08
3.732915298643190406e-08
3.742282323330015424e-08
3.751467972768193096e-08
3.760482086502288854e-08
3.769405344487935288e-08
3.778267253443356822e-08
3.786891237529353622e-08
3.795144387887695148e-08
3.802928896865764227e-08
3.810152093064681716e-08
3.816728016588183075e-08
3.822580040386437958e-08
3.827640204360941240e-08
3.831847277385466503e-08
3.835145873103317894e-08
3.837486793321212920e-08
3.838825742631803368e-08
3.839124247708899194e-08
3.838350455329580671e-08
3.836479124627138435e-08
3.833492924379903088e-08
3.829382880788642302e-08
3.824150259098084233e-08
3.817805429326663260e-08
3.810369228742858296e-08
3.801872919932575933e-08
3.792357329937289845e-08
3.781873879524026923e-08
3.770483305977939212e-08
3.758255257742808678e-08
3.745268336235164826e-08
3.731609755708602147e-08
3.717374236042489668e-08
3.702663973833972602e-08
3.687590780864050949e-08
3.672279193914140128e-08
3.656875586803313013e-08
3.641560084962872424e-08
3.626517909542574084e-08
3.611893062084088344e-08
3.597920314950875581e-08
3.584566928093037433e-08
3.571615356536540147e-08
3.558991829350806999e-08
3.546656923994834113e-08
3.534583602172035171e-08
3.522752416640495945e-08
3.511149493544455340e-08
3.499763792805679062e-08
3.488586026092088327e-08
3.477607438998831251e-08
3.466819849592504548e-08
3.456214864401154055e-08
3.445783840296549347e-08
3.435518880823138633e-08
3.425411955543728094e-08
3.415455512361711746e-08
3.405642978124072034e-08
3.395969506257203086e-08
3.386431412631065708e-08
3.377027498135089773e-08
3.367759753363399878e-08
3.358633615900080460e-08
3.349658893696616069e-08
3.340851331218700114e-08
3.332234631314480826e-08
3.323847261007614977e-08
3.315775629594020906e-08
3.308385348551133429e-08
3.302639844486557035e-08
3.298311132744799911e-08
3.294715617359942959e-08
3.291719665613154597e-08
3.289319625845866224e-08
3.287526786754832080e-08
3.286369664445095390e-08
3.285889128186551765e-08
3.286132057620929151e-08
3.287171731370269917e-08
3.289121293048694904e-08
3.291954269011644679e-08
3.295942882185056010e-08
3.301160113570960704e-08
3.306952360142317880e-08
3.313237628383876456e-08
3.319933597783670755e-08
3.326961221374011014e-08
3.334475854702374470e-08
3.342667263308785680e-08
3.350999126248887379e-08
3.359402837811314382e-08
3.367831183565971883e-08
3.376240904371728568e-08
3.384590337027643906e-08
3.392841038484383724e-08
3.400957319687924714e-08
3.408906649227675168e-08
3.416659728976224678e-08
3.424189483459941262e-08
3.431471026916954774e-08
3.438481464337603146e-08
3.445200210862931895e-08
3.451608098121648077e-08
3.457687058929855362e-08
3.463419787765876439e-08
3.468789107116385785e-08
3.473777421612229998e-08
3.478367690555729075e-08
3.482542850860052946e-08
3.486285376387869913e-08
3.489577040351112018e-08
3.492398690783547138e-08
3.494730520799960402e-08
3.496551859915777029e-08
3.497842643525397535e-08
3.498582611491358228e-08
3.498751737543680260e-08
3.498330508052333695e-08
3.497300848329906060e-08
3.495645560084910267e-08
3.493349501884342069e-08
3.490400054155087158e-08
3.486786240948741827e-08
3.482499571943862142e-08
3.477535044189202403e-08
3.471892438023092314e-08
3.465576553416645611e-08
3.458599222748497205e-08
3.450979592174894944e-08
3.442744109813243247e-08
3.433925626813883711e-08
3.424563975620728694e-08
3.414704700926956435e-08
3.404397607686065896e-08
3.393695953045752477e-08
3.382655259202525966e-08
3.371330964194911311e-08
3.359777515264388541e-08
3.348047657856975119e-08
3.336192237304263347e-08
3.324259304492989116e-08
3.312295128157452959e-08
3.300343264857484811e-08
3.288444437531508548e-08
3.276636240064013863e-08
3.264952528709690269e-08
3.253423558697473201e-08
3.242076442301269464e-08
3.230935379798326612e-08
3.220020818989843132e-08
3.209349853173813594e-08
3.198935716139029024e-08
3.188788793764333174e-08
3.178916020814528298e-08
3.169322000966255676e-08
3.160008792421144249e-08
3.150976776992671495e-08
3.142224007850997391e-08
3.133747206573568217e-08
3.125541896480273918e-08
3.117602106610647208e-08
3.109922407507762358e-08
3.102497313041212694e-08
3.095321204899854722e-08
3.088388603791626905e-08
3.081695686945378675e-08
3.075239799954735767e-08
3.069020111172180617e-08
3.063038345440298409e-08
3.057298649286944094e-08
3.051807875019462914e-08
3.046575927595665944e-08
3.041616137559665093e-08
3.036946128394220281e-08
3.032587672664874354e-08
3.028566565894581354e-08
3.024914485658509132e-08
3.021668479458465761e-08
3.018873708321729329e-08
3.016596614307498476e-08
3.014990173852520125e-08
3.014260255107966146e-08
3.014641296896328349e-08
3.016253441158095935e-08
3.018883492472393404e-08
3.022425122819540461e-08
3.026912756288744223e-08
3.032480521558002559e-08
3.038499246402847912e-08
3.044847687963631273e-08
3.051440315711222110e-08
3.058229177154752722e-08
3.065233386943254070e-08
3.072488220589943659e-08
3.079898368975170847e-08
3.087367771258923286e-08
3.094836183116085298e-08
3.102277867981767965e-08
3.109658888072467351e-08
3.116954512123005308e-08
3.124137798390467632e-08
3.131166927858417966e-08
3.138030118689509383e-08
3.144673828122366638e-08
3.151051696158129034e-08
3.157127673019925157e-08
3.162895214984405527e-08
3.168348026805990209e-08
3.173482002034719532e-08
3.178290044170078407e-08
3.182771439676285892e-08
3.186907507326854162e-08
3.190675162994983034e-08
3.194061845805583547e-08
3.197051770956289840e-08
3.199629870953806582e-08
3.201760062415382374e-08
3.203405086136787170e-08
3.204532475646600488e-08
3.205130250191909781e-08
3.205211901549709275e-08
3.204864392106768996e-08
3.204104662387431892e-08
3.202791953260837276e-08
3.200869467651233149e-08
3.198294936323953408e-08
3.195041626606242415e-08
3.191091084184879271e-08
3.186439073205217385e-08
3.181109300223451854e-08
3.175129610064176740e-08
3.168495574599287287e-08
3.161225648693905915e-08
3.153368907305672385e-08
3.144993932282251782e-08
3.136185650939066594e-08
3.127040196274494047e-08
3.117685692945417204e-08
3.108174742087556593e-08
3.098443453210697171e-08
3.088513675664703947e-08
3.078440968802259626e-08
3.068291550355759336e-08
3.058111476809260426e-08
3.047921674417225774e-08
3.037745740024659067e-08
3.027608711354888646e-08
3.017546007091538995e-08
3.007588231551357187e-08
2.997763588680046744e-08
2.988095535217765506e-08
2.978609310176248803e-08
2.969328721462636856e-08
2.960273124872356930e-08
2.951462667868710095e-08
2.942904933751638544e-08
2.934614519034804649e-08
2.926591074361756305e-08
2.918833918668891890e-08
2.911346857191607125e-08
2.904126606374189995e-08
2.897173171751405240e-08
2.890478412837367020e-08
2.884040502591936591e-08
2.877844787750495577e-08
2.871888881967880369e-08
2.866173627776698901e-08
2.860698340715418983e-08
2.855467842489593612e-08
2.850488376197928057e-08
2.845762099616519473e-08
2.841288043549023312e-08
2.837051477601463479e-08
2.833038836388736998e-08
2.829260899443077002e-08
2.825731663326933445e-08
2.822474599821321184e-08
2.819498233838385519e-08
2.816848973447725199e-08
2.814877861388455252e-08
2.813265118089282186e-08
2.812003135067555401e-08
2.811182310005621724e-08
2.810970390296488811e-08
2.811292999133323419e-08
2.812121524825732312e-08
2.813394395883862353e-08
2.815049760827427484e-08
2.817076776854096145e-08
2.819507073016776304e-08
2.822350349172917064e-08
2.825633329547131559e-08
2.829421826038506005e-08
2.833799085393203275e-08
2.838809319886393270e-08
2.844048494822901636e-08
2.849404922666777956e-08
2.854819438406301325e-08
2.860252006774176166e-08
2.865672613412550507e-08
2.871063242912851354e-08
2.876399939544218039e-08
2.881660797305604077e-08
2.886818979637827747e-08
2.891845113005966187e-08
2.896707938495698544e-08
2.901379700564097713e-08
2.905841284551496182e-08
2.910072549803790162e-08
2.914049757904953804e-08
2.917756157926123622e-08
2.921177294729213828e-08
2.924299083687263418e-08
2.927104459197066584e-08
2.929584292091613956e-08
2.931723272282999975e-08
2.933513839420643236e-08
2.934933223540866088e-08
2.935968065073350519e-08
2.936615946211878997e-08
2.936881683279041983e-08
2.936760214991566073e-08
2.936239527726044804e-08
2.935303505926811237e-08
2.933943277593887888e-08
2.932150682564951196e-08
2.929905464976860273e-08
2.927166321319595359e-08
2.923916743813245223e-08
2.920156201760309996e-08
2.915874505450190289e-08
2.911072707578897514e-08
2.905760403339179971e-08
2.899959964594681223e-08
2.893695550019994645e-08
2.886992137790820402e-08
2.879863741348254657e-08
2.872312689214156011e-08
2.864378696312010924e-08
2.856113435013012123e-08
2.847568134163988393e-08
2.838793269516114483e-08
2.829842113532237231e-08
2.820767957419600878e-08
2.811620690322823435e-08
2.802419476764481634e-08
2.793174600211834669e-08
2.783899646915559885e-08
2.774643408144976356e-08
2.765466637906212443e-08
2.756418120759345454e-08
2.747533706162915878e-08
2.738840124567400735e-08
2.730357458009728427e-08
2.722104003718358060e-08
2.714094749855192053e-08
2.706340156000890559e-08
2.698847256013058100e-08
2.691627387000559776e-08
2.684694871480803246e-08
2.678057135675438125e-08
2.671720229175602379e-08
2.665683281550655743e-08
2.659945913610061825e-08
2.654504613991990868e-08
2.649354861263130330e-08
2.644490780493718626e-08
2.639901145558524412e-08
2.635571157308001770e-08
2.631486603754882301e-08
2.627640433639771183e-08
2.624030140838510886e-08
2.620651702743072780e-08
2.617500310306294769e-08
2.614570630302123617e-08
2.611857365611933765e-08
2.609355842699966169e-08
2.607064192883066456e-08
2.604983605129946750e-08
2.603128265617108987e-08
2.601547465405708759e-08
2.600226018090266983e-08
2.599111693268889086e-08
2.598199129839549744e-08
2.597498242879532213e-08
2.597025332819657534e-08
2.596798886851814721e-08
2.596849166633520580e-08
2.597219409164517131e-08
2.598017127359963248e-08
2.599342104869401013e-08
2.601086369291643056e-08
2.603136976335802841e-08
2.605453782038360860e-08
2.608046886295031387e-08
2.610951726714602408e-08
2.614197670910322615e-08
2.617759593862724989e-08
2.621564191949307159e-08
2.625547497052319890e-08
2.629662795350624343e-08
2.633864959325132383e-08
2.638113166774602141e-08
2.642372228418286878e-08
2.646635403667554780e-08
2.650957482942121356e-08
2.655325596221334256e-08
2.659591799665986691e-08
2.663727310054778044e-08
