1.105666670185468019e-07
1.105286633799600196e-07
1.104905838456639196e-07
1.104531108035709639e-07
1.104169149218069721e-07
1.103815545748408540e-07
1.103445476827717100e-07
1.103017362149423784e-07
1.102479448147886439e-07
1.101796687068724712e-07
1.100951884309400039e-07
1.099950549161560873e-07
1.098788923243179630e-07
1.097463463416573103e-07
1.095959699813117081e-07
1.094237046724530769e-07
1.092302264485510935e-07
1.090130822165269706e-07
1.087714397678455371e-07
1.085049311244374042e-07
1.082124755594735523e-07
1.078949592397900224e-07
1.075516425977107522e-07
1.071824551659882119e-07
1.067890283616187468e-07
1.063708422982285243e-07
1.059275725927273487e-07
1.054615054021826777e-07
1.049714216000714910e-07
1.044569423449905058e-07
1.039213671712467180e-07
1.033630947941004760e-07
1.027848449657261060e-07
1.021829798173951180e-07
1.015598709894198168e-07
1.009171283252397711e-07
1.002519904774721614e-07
9.956483029897925484e-08
9.885847474182094316e-08
9.812892601100126491e-08
9.737627629803165918e-08
9.660284133309066448e-08
9.580837226255670136e-08
9.499325771518762510e-08
9.415813697058631352e-08
9.330413216680037690e-08
9.243219679732541403e-08
9.154404646066974460e-08
9.064231637224860684e-08
8.972796270423609865e-08
8.880832682794334081e-08
8.788520667034592629e-08
8.696245679843470441e-08
8.604431292662350440e-08
8.513523856922205297e-08
8.424186909484792592e-08
8.336936591387149407e-08
8.252280419331555774e-08
8.170776868601323963e-08
8.092970765854407529e-08
8.019335122693412731e-08
7.950272863920768286e-08
7.886241108340330132e-08
7.827518809984390096e-08
7.774359079792151991e-08
7.726934825932803760e-08
7.685315206977242213e-08
7.649462897274013909e-08
7.619323313410111560e-08
7.594717727148805407e-08
7.575415433042898941e-08
7.561122737594090024e-08
7.551511712504077629e-08
7.546193065292747449e-08
7.544801789264397457e-08
7.546916696646042944e-08
7.552109430301923607e-08
7.559958001073771800e-08
7.570048306859352349e-08
7.581972207479927997e-08
7.595292167616059032e-08
7.609619799554166741e-08
7.624596310731242197e-08
7.639872507602346001e-08
7.655060871389616549e-08
7.669995847901837211e-08
7.684252043653514615e-08
7.697570674775629793e-08
7.710502326984564400e-08
7.721346866742233212e-08
7.730586570033772400e-08
7.737698612291563183e-08
7.743223729079149388e-08
7.746751238714443470e-08
7.748078542727607408e-08
7.747362279168802760e-08
7.744353006818901518e-08
7.738914112746942007e-08
7.731202757863131741e-08
7.721048500604911253e-08
7.708393372510431381e-08
7.693480048955335536e-08
7.676054419309093611e-08
7.656191096630484641e-08
7.634108311244398619e-08
7.609665557387775452e-08
7.583054896440644905e-08
7.554505995450194132e-08
7.523858009788204350e-08
7.491323332889492802e-08
7.457009912295458843e-08
7.420873253689374630e-08
7.382986416205531261e-08
7.343787689111305707e-08
7.303383442039643842e-08
7.261828136599700304e-08
7.219410470351157667e-08
7.176340679907826545e-08
7.132728115461399377e-08
7.088832919680001369e-08
7.044891653323500453e-08
7.001025468569316654e-08
6.957457353737346335e-08
6.914358151115153705e-08
6.871823539115737894e-08
6.830002365343986158e-08
6.788940952033300916e-08
6.748708918321212070e-08
6.709527200013999895e-08
6.671083596484133817e-08
6.633575948423128425e-08
6.596943370296563532e-08
6.561331997186769596e-08
6.526635271797179765e-08
6.492786291761554081e-08
6.459794701612249141e-08
6.427598608693585005e-08
6.396153222574724764e-08
6.365477928060539465e-08
6.335542602359812351e-08
6.306336310849391594e-08
6.277900528035975365e-08
6.250246271419203673e-08
6.223398962213304696e-08
6.197417903163821294e-08
6.172352863443228235e-08
6.148252622616147273e-08
6.125189225198231292e-08
6.103235278322405602e-08
6.082443846242498820e-08
6.062881067966237896e-08
6.044634773200773800e-08
6.027734881972424384e-08
6.012222981529362763e-08
5.998156504946918350e-08
5.985534933687693871e-08
5.974391850680817718e-08
5.964781391473465202e-08
5.956733277865379713e-08
5.950291447656134870e-08
5.945557358867564882e-08
5.942553136075598920e-08
5.941326173652146970e-08
5.941950188749146451e-08
5.944407448485617425e-08
5.948674805533373850e-08
5.954813514368708080e-08
5.962740842163164618e-08
5.972575011451419047e-08
5.984341806054645388e-08
5.997668128200957703e-08
6.014110515457436034e-08
6.032094118989542873e-08
6.050197907238863804e-08
6.078172687393065709e-08
6.103530420345921436e-08
6.130835033885245463e-08
6.159346636861556730e-08
6.188221317715588502e-08
6.216777932455153652e-08
6.245047024982457671e-08
6.272998495125010902e-08
6.300687240741357184e-08
6.327635111282861975e-08
6.354146192675082217e-08
6.379474530661446345e-08
6.404158886388303953e-08
6.427273095508774506e-08
6.448586152316805813e-08
6.468036773917799414e-08
6.485671232965722641e-08
6.501543900754888450e-08
6.515697963458417574e-08
6.528229883458224871e-08
6.539182953012615391e-08
6.548645786485377764e-08
6.556732253977763268e-08
6.563457051931135412e-08
6.568931807194204415e-08
6.573151255580386830e-08
6.576283621302073147e-08
6.578216187334030967e-08
6.579485211343614156e-08
6.579771181229952927e-08
6.579146681094908525e-08
6.577831910314959533e-08
6.575695011633564923e-08
6.572751311256731532e-08
6.569016545947375438e-08
6.564316559976017131e-08
6.558670632477400073e-08
6.551901256284073736e-08
6.544103235224752553e-08
6.535157134973406142e-08
6.524983108297942487e-08
6.513520537288150223e-08
6.500742863216828177e-08
6.486557579086140163e-08
6.470805486408992448e-08
6.453394449819121197e-08
6.434155884495732553e-08
6.412936944191467102e-08
6.389611642925024062e-08
6.364050487435400287e-08
6.336186914947836237e-08
6.305990343225960302e-08
6.273525034384616188e-08
6.238846152761503010e-08
6.202132043449507220e-08
6.163613868156223649e-08
6.123512352708340541e-08
6.082197237150584946e-08
6.040060680823358351e-08
5.997378611356828118e-08
5.954601248774233640e-08
5.912124283869600713e-08
5.870377257545623873e-08
5.829663218444229544e-08
5.790355634110217060e-08
5.752837737343484505e-08
5.717454671879817593e-08
5.684592462638162604e-08
5.654567718487937522e-08
5.627590476245162823e-08
5.603780649806795237e-08
5.583130771318912945e-08
5.565436617127112813e-08
5.550487752169261176e-08
5.538053067197422652e-08
5.527937256971842443e-08
5.520003068928345114e-08
5.514110478568032988e-08
5.510213858326150452e-08
5.508345668713475667e-08
5.508473843521330623e-08
5.510445863256884587e-08
5.513925276792485692e-08
5.521637290548910867e-08
5.530989025528665940e-08
5.540802569944875244e-08
5.555479495993913438e-08
5.587007645379492471e-08
5.616798734237288408e-08
5.639977349182657647e-08
5.655622100647161756e-08
5.666593804035828709e-08
5.670810759828805561e-08
5.669225644109255740e-08
5.666571518879902278e-08
5.667472752198404574e-08
5.674520312558246606e-08
5.686393142597696539e-08
5.698973829603524762e-08
5.709250576242151405e-08
5.716674624977378693e-08
5.721759196386571894e-08
5.725304876240626795e-08
5.730389866103195208e-08
5.735305564130462396e-08
5.739431520784454303e-08
5.742834557349180691e-08
5.745539129960482072e-08
5.746254001226451634e-08
5.743757587926281037e-08
5.738007790360444777e-08
5.729547183380530930e-08
5.718908066593211088e-08
5.706413772320134402e-08
5.691852930737370521e-08
5.674849396360051103e-08
5.655092700973773677e-08
5.632731681299984524e-08
5.608142446124533996e-08
5.581921926992695929e-08
5.554882932168238594e-08
5.527850869054698866e-08
5.503242399415112720e-08
5.480446206157863414e-08
5.458542445778138321e-08
5.437740931175827075e-08
5.417971522329773515e-08
5.399222128255917876e-08
5.381483630209245087e-08
5.364691342098702077e-08
5.348741198731045392e-08
5.333493449199520259e-08
5.318791066342590071e-08
5.304469985249019808e-08
5.290366508006706406e-08
5.276305733286470046e-08
5.262097402855075110e-08
5.247535189143492499e-08
5.232389262667890548e-08
5.216414645964986352e-08
5.199363518735351198e-08
5.180994922784134009e-08
5.161085227132901565e-08
5.139437677830345405e-08
5.115885330583994436e-08
5.090300215577625098e-08
5.062592268348609314e-08
5.032707410907053510e-08
5.000635369553901479e-08
4.966405736131875384e-08
4.930084921499932308e-08
4.891781457359244968e-08
4.851643025831535699e-08
4.809851897466868062e-08
4.766625375999390231e-08
4.722213259312582157e-08
4.676892723226277365e-08
4.630968775974107211e-08
4.584774059429778878e-08
4.538665900066719911e-08
4.493029964294086022e-08
4.448280286770667736e-08
4.404862650939442385e-08
4.363265138906367545e-08
4.324031631276282972e-08
4.287784039813094631e-08
4.255187965056793723e-08
4.227017857678285472e-08
4.203489429800263337e-08
4.183559138447293017e-08
4.167173749210027781e-08
4.154389602803937590e-08
4.145233968417596570e-08
4.139677097584046290e-08
4.137749521195606814e-08
4.139805126095145952e-08
4.145704159263130829e-08
4.154378008613294802e-08
4.165138135557336612e-08
4.177583438363786768e-08
4.191383874246139157e-08
4.206235052497520711e-08
4.221852943943961552e-08
4.237974368362534336e-08
4.254361276961779769e-08
4.270806235757613088e-08
4.287140790881488977e-08
4.303249018882987069e-08
4.319126890935872223e-08
4.335246199328678583e-08
4.351948408360273710e-08
4.368743535585281074e-08
4.385556423905394541e-08
4.402369229658050536e-08
4.418944461025659518e-08
4.434848960948891144e-08
4.449724035441834656e-08
4.463337993272880420e-08
4.475541256998008883e-08
4.486231156083074314e-08
4.495336779378047567e-08
4.502811542526335156e-08
4.508629750104026703e-08
4.512784595133919734e-08
4.515286819815145819e-08
4.516164138869733051e-08
4.515458551419086730e-08
4.513225166371363056e-08
4.509529817973182530e-08
4.504449686176985361e-08
4.498070320769865162e-08
4.490485382435393147e-08
4.481792836351690962e-08
4.472095849432934163e-08
4.461500696161682613e-08
4.450115809244755151e-08
4.438049847509979175e-08
4.425413344001134820e-08
4.412317216161716793e-08
4.398872185895352458e-08
4.385191273166464407e-08
4.371393443014405217e-08
4.357689510907340207e-08
4.345723253657672194e-08
4.334257290782567543e-08
4.323451428683287818e-08
4.313498946695450221e-08
4.304092736709842271e-08
4.294825831516021202e-08
4.285444348878872672e-08
4.275780037820052914e-08
4.265711070751711628e-08
4.255145669476123356e-08
4.244009941104870780e-08
4.232242747426823989e-08
4.219793035121185123e-08
4.206617314993498266e-08
4.192679242765380145e-08
4.177949462444152804e-08
4.162405896872481552e-08
4.146033318987480209e-08
4.128823273583040548e-08
4.110775170482484045e-08
4.091896835623990280e-08
4.072204991883014459e-08
4.051726196336654856e-08
4.030497598005285871e-08
4.008567013932602729e-08
3.985994402737694156e-08
3.962853633886062071e-08
3.939234938868437618e-08
3.915253726390032897e-08
3.891083092931018963e-08
3.867261931870333882e-08
3.845796992123794958e-08
3.826771645007346230e-08
3.808745555763854078e-08
3.791960816513034248e-08
3.776361291424335918e-08
3.761935933068553996e-08
3.748926104617514040e-08
3.737776070662512154e-08
3.728878773219140518e-08
3.722382361985424021e-08
3.718938425894574053e-08
3.717926550069536295e-08
3.718829482995163745e-08
3.721654309585394572e-08
3.727578342386145696e-08
3.735186916916930490e-08
3.744202475550993193e-08
3.754458714936666382e-08
3.765756234403988648e-08
3.777871885582821952e-08
3.790576876380785166e-08
3.803653218296623179e-08
3.816903442161579136e-08
3.830155148576640087e-08
3.843263713042380805e-08
3.856110234973579755e-08
3.868599796770296375e-08
3.880659663801403644e-08
3.892236267101841453e-08
3.903291956163613449e-08
3.913802866233841743e-08
3.923756267033430712e-08
3.933146772235087855e-08
3.941973869141426166e-08
3.950239829108993952e-08
3.957946164853281883e-08
3.965091793947513088e-08
3.971672211228086267e-08
3.977677267790046515e-08
3.983091418217681567e-08
3.987891796797540773e-08
3.992049845756577805e-08
3.995530062684230466e-08
3.998293529346476591e-08
4.000300463488114342e-08
4.001513039631238898e-08
4.001893866829257350e-08
4.001403207060867354e-08
3.999998785541055309e-08
3.997643100347811763e-08
3.994314575566788295e-08
3.990019076576689994e-08
3.984775290552258485e-08
3.978575438508393923e-08
3.971441956999106748e-08
3.963433056252906790e-08
3.954622439623746735e-08
3.945101736524047697e-08
3.934998074561792927e-08
3.924458047251471258e-08
3.913558453662217961e-08
3.902311764369319786e-08
3.890736268011540565e-08
3.878859127007496906e-08
3.866704558776576653e-08
3.854287172769771621e-08
3.841615487895750734e-08
3.828694694483559987e-08
3.815531674418123182e-08
3.802136587614161235e-08
3.788522973073400835e-08
3.774707294780188635e-08
3.760708000035963121e-08
3.746545090850797424e-08
3.732238444123536885e-08
3.717808167239252117e-08
3.703273445670798845e-08
3.688651636437838283e-08
3.673957319022363146e-08
3.659202306836881202e-08
3.644395697391822914e-08
3.629543584151717933e-08
3.614649751031193426e-08
3.599715829932299949e-08
3.584741962723873801e-08
3.569727899555204956e-08
3.554673619024791038e-08
3.539580746614434253e-08
3.524453703803779154e-08
3.509300283273848801e-08
3.494133265041271283e-08
3.478971820440071535e-08
3.463842069008376773e-08
3.448777964217463740e-08
3.433822777583550261e-08
3.419030054731235729e-08
3.404463269940620195e-08
3.390197682011669565e-08
3.376321253245939364e-08
3.362934241272041608e-08
3.350150563805644822e-08
3.338098373942229909e-08
3.326920087548753934e-08
3.316772199182887863e-08
3.307828639415042895e-08
3.300266890270181983e-08
3.294269395663219862e-08
3.290172813912412105e-08
3.288304353898403926e-08
3.288673419773646980e-08
3.291600446284438842e-08
3.296085149385000193e-08
3.301623067698529597e-08
3.308058052000066854e-08
3.315267807126212170e-08
3.323139782384776860e-08
3.331574418710869442e-08
3.340482931956081693e-08
3.349789510288583255e-08
3.359452665578406330e-08
3.369526285356682948e-08
3.380006504831492057e-08
3.390627370825395447e-08
3.401188992331770868e-08
3.411585959348860046e-08
3.421748522513174259e-08
3.431626336652762262e-08
3.441186029787544698e-08
3.450417700988386464e-08
3.459416007453437633e-08
3.468784413237095649e-08
3.478109170012537743e-08
3.487333658187958505e-08
3.496525707979506466e-08
3.505849462811611138e-08
3.515082456703537879e-08
3.524012937737188684e-08
3.532499543398306990e-08
3.540411016574979526e-08
3.547636294261935382e-08
3.554086222533942025e-08
3.559688760902969047e-08
3.564383038363887400e-08
3.568115654592175783e-08
3.570839256505891876e-08
3.572510987456645030e-08
3.573092800806684501e-08
3.572549810124988205e-08
3.570851592585140770e-08
3.567973097767863323e-08
3.563896341390257406e-08
3.558612795108894233e-08
3.552124068268605748e-08
3.544442790233017972e-08
3.535593236438407183e-08
3.525612754424419107e-08
3.514553120541885222e-08
3.502480271430984006e-08
3.489474607257595432e-08
3.475630426540907999e-08
3.461056168458163688e-08
3.445876696141112402e-08
3.430234929823388226e-08
3.414300036503244527e-08
3.398283099796722981e-08
3.382489671235165145e-08
3.367463957859989097e-08
3.353164663288141727e-08
3.339328974152561952e-08
3.325850326598004239e-08
3.312646077772076001e-08
3.299658303335795445e-08
3.286851662971848461e-08
3.274206094897949243e-08
3.261710375051684825e-08
3.249358506915211034e-08
3.237147218856084069e-08
3.225073977417505915e-08
3.213136931626517524e-08
3.201335215751876318e-08
3.189667994480797000e-08
3.178134503193260540e-08
3.166735036710204183e-08
3.155470633394115052e-08
3.144343508211764931e-08
3.133357502502116273e-08
3.122519546090853395e-08
3.111838994723158086e-08
3.101328511706940570e-08
3.091005196949050210e-08
3.080890696256272689e-08
3.071014757416799892e-08
3.061420003393574929e-08
3.052184165408730480e-08
3.043516331082995978e-08
3.036672436114292739e-08
3.031672147375983414e-08
3.027716464617148464e-08
3.024347431662695124e-08
3.021542428360527778e-08
3.019294408475232317e-08
3.017610695484099036e-08
3.016508679204150375e-08
3.016011599801308305e-08
3.016148390737479322e-08
3.016964464414100516e-08
3.018488429764138032e-08
3.020703072933998578e-08
3.024149187167619323e-08
3.028671389654143703e-08
3.033961416593755451e-08
3.040043010197731970e-08
3.046760887087357566e-08
3.053988117920403356e-08
3.061587145144726882e-08
3.069436833665220092e-08
3.077440899247311584e-08
3.085518621047639844e-08
3.093599401142593641e-08
3.101620275431320977e-08
3.109525193944942867e-08
3.117265073099856378e-08
3.124797498106848765e-08
3.132085368602774257e-08
3.139096967150473789e-08
3.145805398163140913e-08
3.152187504464021705e-08
3.158223662293236866e-08
3.163897665203664071e-08
3.169195318779806866e-08
3.174103788073120149e-08
3.178612523900203349e-08
3.182711616963290107e-08
3.186392297886305240e-08
3.189645974643701217e-08
3.192464082835005475e-08
3.194836967416083940e-08
3.196753595590356711e-08
3.198201860542140535e-08
3.199169169312441075e-08
3.199646295535819670e-08
3.199631117171776581e-08
3.199100936823098185e-08
3.197974102518326823e-08
3.196166940710775366e-08
3.193667474685993778e-08
3.190484155300513237e-08
3.186447160632940549e-08
3.181537191329847197e-08
3.175777974884253013e-08
3.169224214334173251e-08
3.161941514980896356e-08
3.153981206570075524e-08
3.145393754137610682e-08
3.136231252816213344e-08
3.126542386771358246e-08
3.116379364777766834e-08
3.105800986370166773e-08
3.094870803151875204e-08
3.083651801393568250e-08
3.072203442608034276e-08
3.060580324037510230e-08
3.048832501035257810e-08
3.037006211333478832e-08
3.025145239641675548e-08
3.013290632879660307e-08
3.001481146192774728e-08
2.989752204056737968e-08
2.978135806398576758e-08
2.966660818272322886e-08
2.955351497574028029e-08
2.944229155304001382e-08
2.933311813159646466e-08
2.922615186083531764e-08
2.912152015656933546e-08
2.901932258838242060e-08
2.891963615296022716e-08
2.882251461852826027e-08
2.872800348990138569e-08
2.863613456372870158e-08
2.854692432234245422e-08
2.846038332429042289e-08
2.837652282755323732e-08
2.829534786534147609e-08
2.821686541730819242e-08
2.814109282192194403e-08
2.806804485516649285e-08
2.799774275133650899e-08
2.793021647764740981e-08
2.786550220045678533e-08
2.780363656114897965e-08
2.774467475210263290e-08
2.768870656723072364e-08
2.763587710862207308e-08
2.758640769223008960e-08
2.754064787378107136e-08
2.749915541849746597e-08
2.746286448960611558e-08
2.743296521263426770e-08
2.741388237580811573e-08
2.740845670789749166e-08
2.741148631806327629e-08
2.741921463483730819e-08
2.743118255589392032e-08
2.744746431233899527e-08
2.746831895791451021e-08
2.749392590853111642e-08
2.752502331025193336e-08
2.756376663997583201e-08
2.760865644150410711e-08
2.766074720191321001e-08
2.771689249529368951e-08
2.777611076849001929e-08
2.783786820169031897e-08
2.790156017241616303e-08
2.796661518762518744e-08
2.803247767497214929e-08
2.809860897965600580e-08
2.816451612299676652e-08
2.822976049027511886e-08
2.829396209701646667e-08
2.835678824428983979e-08
2.841795065941439906e-08
2.847719488955457010e-08
2.853429512945019312e-08
2.858906838361612036e-08
2.864138939560003100e-08
2.869130423348114080e-08
2.873953594955795608e-08
2.878726135957128177e-08
2.883424053503323063e-08
2.887856871413843230e-08
2.892289496663272847e-08
2.896396073406473315e-08
2.900116763854054164e-08
2.903397462132126747e-08
2.906150632718267584e-08
2.908289469538212951e-08
2.909743654580099144e-08
2.910458648019605249e-08
2.910394459026839475e-08
2.909522499058828512e-08
2.907824050901948107e-08
2.905290004589842582e-08
2.901919796363110209e-08
2.897721437823320294e-08
2.892711600943005301e-08
2.886915928194799226e-08
2.880369460721529760e-08
2.873116058287759216e-08
2.865209527262760390e-08
2.856714456491032351e-08
2.847709347365927631e-08
2.838290819495513195e-08
2.828587795259027235e-08
2.818838837660216281e-08
2.809234634339148013e-08
2.799593355958161603e-08
2.789892144931035585e-08
2.780164003303947712e-08
2.770417726800804177e-08
2.760696492530862386e-08
2.751013043463165149e-08
2.741408360883648595e-08
2.731903790436340931e-08
2.722510000615512973e-08
2.713256819290268794e-08
2.704109377415874253e-08
2.695053299217513043e-08
2.686099217586496310e-08
2.677283143676112745e-08
2.668642666239278955e-08
2.660212845826147728e-08
2.652014864109187077e-08
2.644076407682008733e-08
2.636399911862839037e-08
2.628987737473822814e-08
2.621841392464949075e-08
2.614953620768345269e-08
2.608311845505977603e-08
2.601912952956587313e-08
2.595756028971516750e-08
2.589836814213419274e-08
2.584152899868530507e-08
2.578704958110978602e-08
2.573498477613276249e-08
2.568538669696851596e-08
2.563837024263934068e-08
2.559428545520163256e-08
2.555398059697556844e-08
2.552087945777150031e-08
2.549476602181248724e-08
2.547333405434424402e-08
2.545862512352890219e-08
2.545126000476382999e-08
2.544894672894618927e-08
2.544932237482961061e-08
2.545168506298963561e-08
2.545605042485153900e-08
2.546250462377259046e-08
2.547106817639877901e-08
2.548130044725918897e-08
2.549382087198244702e-08
2.550936615646786127e-08
2.552844392371273657e-08
2.555030149936647128e-08
2.557483798420696848e-08
2.560270028967202449e-08
2.563439189191217602e-08
2.567051553610299080e-08
2.571081758585143214e-08
2.575856954351291232e-08
2.580908660541873198e-08
2.586163322500000781e-08
2.591498785266598761e-08
2.596829630446579740e-08
2.602099184119797781e-08
2.607266598569631080e-08
2.612299582833239550e-08
2.617172757258808506e-08
2.621864915911921086e-08
2.626357301009744569e-08
2.630623793182875739e-08
2.634639247548282740e-08
2.638385230258584347e-08
2.641842856116681470e-08
2.644995776045887915e-08
2.647829580543701408e-08
2.650329398034407791e-08
2.652475517082227493e-08
2.654258894900492026e-08
2.655701863254865728e-08
2.656809537429539626e-08
2.657520156033392633e-08
2.657787383446918288e-08
2.657577279935483179e-08
2.656842600434127568e-08
2.655530926774529925e-08
2.653621674683068623e-08
2.651116057505297375e-08
2.648019777031983622e-08
2.644347890353481679e-08
2.640119918856516103e-08
2.635361532706035056e-08
2.630108890801673864e-08
2.624376569967808087e-08
2.618176181997941541e-08
2.611544960827189245e-08
2.604530362759254174e-08
2.597174862488702425e-08
2.589522807072025429e-08
2.581611721056476269e-08
2.573481430760077126e-08
2.565153946225241755e-08
2.556648825373755908e-08
2.548006816028308742e-08
2.539280808777044022e-08
2.530527367057839016e-08
2.521783234191723100e-08
2.513083914578734055e-08
2.504461008408998168e-08
2.495944384908911076e-08
2.487554502767626993e-08
2.479289439621169988e-08
2.471162549768914648e-08
2.463197037749569676e-08
2.455418803012780694e-08
2.447849949226979001e-08
2.440508812760415437e-08
2.433404943812515868e-08
2.426544858016651505e-08
2.419938165223018206e-08
2.413578043333072796e-08
2.407456349620598756e-08
2.401586523902079435e-08
2.395980119393269337e-08
2.390641583308699222e-08
2.385573135536042640e-08
2.380780712278750923e-08
2.376264113323595043e-08
2.372021896369822291e-08
2.368038311676118290e-08
2.364310244473859108e-08
2.360844173631721810e-08
2.357646482255989677e-08
2.354721475356712092e-08
2.352071578511692111e-08
2.349702609026967456e-08
2.347632716817481124e-08
2.345987970047209117e-08
2.344743467167188575e-08
2.343761563964544101e-08
2.343015144685002823e-08
2.342505045682439558e-08
2.342244920506672988e-08
2.342300161029816160e-08
2.342784230874338917e-08
2.343646722730647503e-08
2.344921928184402992e-08
2.346457134839172285e-08
2.348202163282830543e-08
2.350146177184905664e-08
2.352301040053722894e-08
2.354685261168438112e-08
2.357315509894576512e-08
2.360202263026264667e-08
2.363349019479315416e-08
2.366755032634606762e-08
2.370442230849547476e-08
2.374396539405284233e-08
2.378479244519745065e-08
2.382555190628143305e-08
2.386592081954671595e-08
2.390626298294682158e-08
2.394770983427730967e-08
2.399016438561485389e-08
2.403316322207087937e-08
2.407682639340070548e-08
2.412091262057294467e-08
2.416465924655210249e-08
2.420726383039618861e-08
2.424790600945452513e-08
2.428620696549670816e-08
2.432208971138902119e-08
2.435542149751896016e-08
2.438604364425300616e-08
2.441366873411449817e-08
2.443799172444728250e-08
2.445868314044657174e-08
2.447539289106362403e-08
2.448773095297607018e-08
2.449501790837092491e-08
2.449670265689510587e-08
2.449260491884261300e-08
2.448279525631891874e-08
2.446742549450155011e-08
2.444664009836423369e-08
2.442057398996329217e-08
2.438933336706020352e-08
2.435303117243341508e-08
2.431179003264592247e-08
2.426553004584575697e-08
2.421413486642278278e-08
2.415787945168114446e-08
2.409719090834907170e-08
2.403253310991231631e-08
2.396436413324391300e-08
2.389316689406746350e-08
2.381942832431145258e-08
2.374367927493390229e-08
2.366641767857249249e-08
2.358812360441475446e-08
2.350897071133786475e-08
2.342948749098747922e-08
2.335056480414513972e-08
2.327329165770024137e-08
2.319813212846432159e-08
2.312486175167407960e-08
2.305373841658733222e-08
2.298510236164218237e-08
2.291849010505552892e-08
2.285373674729153803e-08
2.279085174413499196e-08
2.272986084127056632e-08
2.267093915182283602e-08
2.261424633737781428e-08
2.255984792043266576e-08
2.250777366669613468e-08
2.245805087082712618e-08
2.241071951935733284e-08
2.236583418985070563e-08
2.232347814361800726e-08
2.228376311260069223e-08
