1.107307552000105238e-07
1.107305075730495251e-07
1.107302987378205907e-07
1.107309910268494037e-07
1.107334724100472282e-07
1.107377480995250026e-07
1.107427358794753209e-07
1.107466525998794938e-07
1.107479247305788300e-07
1.107457557169600690e-07
1.107404721039099944e-07
1.107329408737070706e-07
1.107245362034090776e-07
1.107164275631051846e-07
1.107089340305249641e-07
1.107012990582366973e-07
1.106952906581564115e-07
1.106891852177263537e-07
1.106825484371402184e-07
1.106751017118021247e-07
1.106664270260394143e-07
1.106564668074511155e-07
1.106452649758265839e-07
1.106329834801299588e-07
1.106197003436784345e-07
1.106055869644567260e-07
1.105906837160566155e-07
1.105749377024024741e-07
1.105583808626553501e-07
1.105416072007829814e-07
1.105232493327698037e-07
1.105040287625130786e-07
1.104847127256388063e-07
1.104638063015153537e-07
1.104420459396147419e-07
1.104197155901157483e-07
1.103968066364106645e-07
1.103734533413170684e-07
1.103496363848983178e-07
1.103249018827892141e-07
1.102999968658358350e-07
1.102750233040828070e-07
1.102498392563949768e-07
1.102246839460008170e-07
1.101995747620763605e-07
1.101745828799249287e-07
1.101498065526846584e-07
1.101251669076033552e-07
1.101006292610181313e-07
1.100767003059608975e-07
1.100530749498369555e-07
1.100301074015471564e-07
1.100076770753300226e-07
1.099858147075843414e-07
1.099647602956652232e-07
1.099439335957969832e-07
1.099242668407990471e-07
1.099060277434728961e-07
1.098891891719691780e-07
1.098737173298755131e-07
1.098597191977170433e-07
1.098471080529333377e-07
1.098357067240685495e-07
1.098260573631022873e-07
1.098176450777766766e-07
1.098105997530908699e-07
1.098050351168581253e-07
1.098010071020166520e-07
1.097984361231476270e-07
1.097974192111610504e-07
1.097980488831660926e-07
1.098002756504440867e-07
1.098039722956331460e-07
1.098090954795575379e-07
1.098158351515445365e-07
1.098239534063174890e-07
1.098336136037586676e-07
1.098446944982329094e-07
1.098570813300394048e-07
1.098706544818736097e-07
1.098855330428035482e-07
1.099012920113592144e-07
1.099180043491777188e-07
1.099358496173909670e-07
1.099541814324339186e-07
1.099729782602477110e-07
1.099925448226295818e-07
1.100121292261476035e-07
1.100313391604412486e-07
1.100510044931095859e-07
1.100703268135222297e-07
1.100887770978321059e-07
1.101068585992351615e-07
1.101240648460884471e-07
1.101405571296776616e-07
1.101553933982954908e-07
1.101686228513813934e-07
1.101802483255096638e-07
1.101894993697239838e-07
1.101963690702389678e-07
1.102009545161479972e-07
1.102026396554160273e-07
1.102011449485832391e-07
1.101964768583874859e-07
1.101884148503828038e-07
1.101766253751122571e-07
1.101608304988655550e-07
1.101411385209737595e-07
1.101170627026856878e-07
1.100882463269825028e-07
1.100548804444433390e-07
1.100166347750580506e-07
1.099729996430748891e-07
1.099243817055358729e-07
1.098701163071430283e-07
1.098100597190858057e-07
1.097441392697272869e-07
1.096720262108786255e-07
1.095935774530253108e-07
1.095086876937440656e-07
1.094171534164066301e-07
1.093188361487704995e-07
1.092135170745956598e-07
1.091012527027556875e-07
1.089818109343815143e-07
1.088549401656642772e-07
1.087209076569643569e-07
1.085793545127337618e-07
1.084299343533260538e-07
1.082733506988739595e-07
1.081090569183409686e-07
1.079364935365169383e-07
1.077566828318766835e-07
1.075693494544153859e-07
1.073745911598633130e-07
1.071723561268998253e-07
1.069627374362369913e-07
1.067459473439605598e-07
1.065218975777534072e-07
1.062908217906245974e-07
1.060531191086958586e-07
1.058086309530500386e-07
1.055577476443153645e-07
1.053006961605901346e-07
1.050378492172931062e-07
1.047694413195609422e-07
1.044956425169608140e-07
1.042169260866005119e-07
1.039333768655172533e-07
1.036449469568927916e-07
1.033519803274280948e-07
1.030536014665396852e-07
1.027488558651892234e-07
1.024360536898025874e-07
1.021131308387967208e-07
1.017772522351565026e-07
1.014294700646611440e-07
1.010705559233432367e-07
1.007020385882657082e-07
1.003257039506097002e-07
9.994281299501086372e-08
9.955467520180515571e-08
9.916242074493236311e-08
9.876684754002459932e-08
9.836851537365955833e-08
9.796794979090479320e-08
9.756553186465547533e-08
9.716125040599906391e-08
9.675512592868954253e-08
9.634735546960864472e-08
9.593767301826318196e-08
9.552572568214114886e-08
9.511197783746510881e-08
9.469619093009177126e-08
9.427742929256603911e-08
9.385791305376948721e-08
9.343614263853397672e-08
9.301591237508399226e-08
9.259319077151425746e-08
9.217834583784960206e-08
9.176655026113534676e-08
9.135691139440504657e-08
9.095035732571487493e-08
9.054515762131058638e-08
9.014086579704834151e-08
8.973744514904275706e-08
8.933517138964282914e-08
8.893413136040650335e-08
8.853457253846445706e-08
8.813694930252262533e-08
8.774172030926661420e-08
8.734936102005921864e-08
8.696036974246956977e-08
8.657524481097546047e-08
8.619440275729945459e-08
8.581827777704676415e-08
8.544738457532993804e-08
8.508201820179787671e-08
8.472240437937588503e-08
8.436895025584967322e-08
8.402223409702880008e-08
8.368208051588231314e-08
8.334955715720154246e-08
8.302383951297359631e-08
8.270530125335964303e-08
8.239446506009877016e-08
8.209121504852723494e-08
8.179590918446340821e-08
8.150862509578700711e-08
8.122802885883171932e-08
8.095635199219705985e-08
8.069072553705417219e-08
8.043441626382757991e-08
8.018670117066680502e-08
7.994734556916994505e-08
7.971600712670699304e-08
7.949270582768647430e-08
7.927720163059923778e-08
7.906930134188433325e-08
7.886874627687005133e-08
7.867541212554332614e-08
7.848916528926221330e-08
7.830991771123014778e-08
7.813758033749288589e-08
7.797208214995703016e-08
7.781349382593995911e-08
7.766186106030109233e-08
7.751728133157767007e-08
7.737990775127101753e-08
7.724989525771494556e-08
7.712729901104194703e-08
7.701221834264434698e-08
7.690448846722523487e-08
7.680414615891519067e-08
7.671111296948259813e-08
7.662534134614543267e-08
7.654693300802068629e-08
7.647552261609815172e-08
7.641076885179360389e-08
7.635267699503176973e-08
7.630132777174248926e-08
7.625663017799838910e-08
7.621822931215718259e-08
7.618555889427377745e-08
7.615846619514528275e-08
7.613689668721336327e-08
7.612059937772505033e-08
7.610929281324210032e-08
7.610262837226563719e-08
7.610039814281281314e-08
7.610232203927589093e-08
7.610823249730509054e-08
7.611790007023192372e-08
7.613143693662338578e-08
7.614861449281679699e-08
7.616934371710504028e-08
7.619210098894532738e-08
7.621566870953325420e-08
7.623887977587537341e-08
7.626163914873357144e-08
7.628525665958826185e-08
7.631127178905868169e-08
7.634068911454694414e-08
7.637427933245366788e-08
7.641137225063167034e-08
7.645150755147463106e-08
7.649470696864590447e-08
7.654090655099973655e-08
7.658980515055615606e-08
7.664091887031237546e-08
7.669395968896018330e-08
7.674879366807660205e-08
7.680539280462712726e-08
7.686358231110391054e-08
7.692336251717332640e-08
7.698463344389068944e-08
7.704724174468312633e-08
7.711110880964592157e-08
7.717612768366395551e-08
7.724223755766628000e-08
7.730938630198877050e-08
7.737750239474854789e-08
7.744646040805503051e-08
7.751614585164345410e-08
7.758652666660011266e-08
7.765755930254953585e-08
7.772922108315760687e-08
7.780146864807884423e-08
7.787429895293084141e-08
7.794766722945147193e-08
7.802155494330323677e-08
7.809593447234454693e-08
7.817074506454435438e-08
7.824597343871575789e-08
7.832158588029511868e-08
7.839756867327493075e-08
7.847390701397228352e-08
7.855058269062825284e-08
7.862759821631609987e-08
7.870491187512755815e-08
7.878251514426405657e-08
7.886045114336940635e-08
7.893872301222115418e-08
7.901737115654711514e-08
7.909641346010842761e-08
7.917585920479271276e-08
7.925571687397736366e-08
7.933597387239299242e-08
7.941665314535744564e-08
7.949778050030532831e-08
7.957937715908626573e-08
7.966147479454872118e-08
7.974410323249072377e-08
7.982730064571993072e-08
7.991112126687126490e-08
7.999560273257907209e-08
8.008078864604371475e-08
8.016672673661494106e-08
8.025344649955782474e-08
8.034098450182493373e-08
8.042938088960594860e-08
8.051866392866838428e-08
8.060886450320186613e-08
8.070001948684701358e-08
8.079216446098003854e-08
8.088532911476768528e-08
8.097953833547346645e-08
8.107480705994119086e-08
8.117114427356617700e-08
8.126855900500221896e-08
8.136705760712665244e-08
8.146663995937368124e-08
8.156730354512331872e-08
8.166903777316361767e-08
8.177183363625022999e-08
8.187568179162650283e-08
8.198057044314433130e-08
8.208648492788842945e-08
8.219341639677451898e-08
8.230135628751829090e-08
8.241029422424932830e-08
8.252022142479972331e-08
8.263112682188409007e-08
8.274299683079044252e-08
8.285581981451640074e-08
8.296958557889246312e-08
8.308428287690248742e-08
8.319989846950017623e-08
8.331641933535105180e-08
8.343382966409803026e-08
8.355211086057572823e-08
8.367124088861300618e-08
8.379119472242163035e-08
8.391194505894699769e-08
8.403346129121489053e-08
8.415571155783868031e-08
8.427866297115636252e-08
8.440228441442789104e-08
8.452654609028749905e-08
8.465142063736585908e-08
8.477688297754881384e-08
8.490291266645887795e-08
8.502949156297806042e-08
8.515660504183838109e-08
8.528424187658777829e-08
8.541239209616409056e-08
8.554104813262792941e-08
8.567020382473861064e-08
8.579985377415450723e-08
8.592999354480934532e-08
8.606062006213444939e-08
8.619172805780438818e-08
8.632331043903359876e-08
8.645535480431204905e-08
8.658784875456467522e-08
8.672077690762216111e-08
8.685412005530654306e-08
8.698785517049527947e-08
8.712195506089785701e-08
8.725639164753821178e-08
8.739113547302456159e-08
8.752615761125113499e-08
8.766142895306673922e-08
8.779692438402455926e-08
8.793262113504485724e-08
8.806849902465985725e-08
8.820454150118096820e-08
8.834073902276760000e-08
8.847708503189117036e-08
8.861357514246884609e-08
8.875020889063016724e-08
8.888699170207644117e-08
8.902393169639583182e-08
8.916103600461930578e-08
8.929831334391396547e-08
8.943577506693954344e-08
8.957343075246792804e-08
8.971128478366748413e-08
8.984933918084854701e-08
8.998759583600101624e-08
9.012605217952385458e-08
9.026469828651304782e-08
9.040352296306382823e-08
9.054251235867802932e-08
9.068164734695719649e-08
9.082090106430803968e-08
9.096024841456082227e-08
9.109966433071725181e-08
9.123912133480782757e-08
9.137859379637107933e-08
9.151806191801755963e-08
9.165751178536108606e-08
9.179693512019703297e-08
9.193633574890252041e-08
9.207572885893577459e-08
9.221514184550199227e-08
9.235461817928554742e-08
9.249421554114638082e-08
9.263400591823498592e-08
9.277408216503043389e-08
9.291455007870379081e-08
9.305552853091074010e-08
9.319715027049417367e-08
9.333955866863535329e-08
9.348290468165503168e-08
9.362734598336394833e-08
9.377304052071009122e-08
9.392014685908861845e-08
9.406881912490293446e-08
9.421920304625853391e-08
9.437143288262426306e-08
9.452563022089133321e-08
9.468189894950854267e-08
9.484032312956041389e-08
9.500096498056438920e-08
9.516386169201839028e-08
9.532902344582052887e-08
9.549643043715080071e-08
9.566603354219988973e-08
9.583775263670744151e-08
9.601147515371603315e-08
9.618705991290221484e-08
9.636433836374692750e-08
9.654311551813949023e-08
9.672317310260015213e-08
9.690427452169499717e-08
9.708616725631607107e-08
9.726858890885074519e-08
9.745127472702707116e-08
9.763396050441177271e-08
9.781639103751484714e-08
9.799832612927454541e-08
9.817954687317422752e-08
9.835986341392448193e-08
9.853911839805069047e-08
9.871719127765897619e-08
9.889400274912471921e-08
9.906951494114141489e-08
9.924373062232971612e-08
9.941669386678989234e-08
9.958848613565253250e-08
9.975922298877099183e-08
9.992904783330321097e-08
1.000981261741030376e-07
1.002666390136452189e-07
1.004347749635082888e-07
1.006027232228815846e-07
1.007706688136286508e-07
1.009387866545486997e-07
1.011072386972821509e-07
1.012761710973452992e-07
1.014457134561117690e-07
1.016159789526651434e-07
1.017870661622847345e-07
1.019590616587195000e-07
1.021320421685057942e-07
1.023060769299544560e-07
1.024812301275036348e-07
1.026575621181200460e-07
1.028351315024042844e-07
1.030139961170534390e-07
1.031942133829383371e-07
1.033758392383993920e-07
1.035589292675272185e-07
1.037435348932295512e-07
1.039297021438622819e-07
1.041174726121221733e-07
1.043068806882379571e-07
1.044979527044519690e-07
1.046907061803991579e-07
1.048851490155724893e-07
1.050812788645496836e-07
1.052790849134115440e-07
1.054785480463432927e-07
1.056796422368134076e-07
1.058823350520653342e-07
1.060865886803775903e-07
1.062923617323707547e-07
1.064996125239711694e-07
1.067082989181290157e-07
1.069183802446469316e-07
1.071298202333328568e-07
1.073425848762797080e-07
1.075566425962320237e-07
1.077719687192172474e-07
1.079885454412609856e-07
1.082063607883432704e-07
1.084254111614678808e-07
1.086456988323883120e-07
1.088672303794879842e-07
1.090900163999308656e-07
1.093140725506113108e-07
1.095394175969744775e-07
1.097660710776968610e-07
1.099940529296346495e-07
1.102233826965846390e-07
1.104540773086955649e-07
1.106861525128028368e-07
1.109196213163535228e-07
1.111544952929413283e-07
1.113907838026913829e-07
1.116284941677981573e-07
1.118676304570557895e-07
1.121081952222028343e-07
1.123501906181084342e-07
1.125936193391970204e-07
1.128384836830622044e-07
1.130847868330071018e-07
1.133325334259361157e-07
1.135817302259865019e-07
1.138323859129343639e-07
1.140845104162343740e-07
1.143381175081265439e-07
1.145932222263782873e-07
1.148498404536206612e-07
1.151079895462099907e-07
1.153676882152553158e-07
1.156289546130838645e-07
1.158918065460960782e-07
1.161562621082284921e-07
1.164223371357740082e-07
1.166900455458044325e-07
1.169593998920005501e-07
1.172304117853624307e-07
1.175030908281707533e-07
1.177774485538806480e-07
1.180535020830999536e-07
1.183312656329336150e-07
1.186107472381544680e-07
1.188919529490114935e-07
1.191748869166964872e-07
1.194595527293478854e-07
1.197459537189942895e-07
1.200340931891346696e-07
1.203239742442641561e-07
1.206156006194034615e-07
1.209089760947132190e-07
1.212041040580910925e-07
1.215009884051243774e-07
1.217996336973989764e-07
1.221000443601093497e-07
1.224022252014496427e-07
1.227061805267867883e-07
1.230119144710744312e-07
1.233194310252886938e-07
1.236287342379357530e-07
1.239398278265899307e-07
1.242527158885491483e-07
1.245674030416493635e-07
1.248838933052974657e-07
1.252021914107677970e-07
1.255223019697180834e-07
1.258442300923962455e-07
1.261679813965096015e-07
1.264935621620498373e-07
1.268209786381706044e-07
1.271502366254354230e-07
1.274813421841593606e-07
1.278143016661574148e-07
1.281491222418829743e-07
1.284858118883366619e-07
1.288243782779987650e-07
1.291648287510235265e-07
1.295071698991122391e-07
1.298514075205157584e-07
1.301975475909638859e-07
1.305455963153597102e-07
1.308955592212906907e-07
1.312474414119662750e-07
1.316012465557551058e-07
1.319569775885584521e-07
1.323146371882723532e-07
1.326742282713054146e-07
1.330357539198827090e-07
1.333992176093903980e-07
1.337646219877284371e-07
1.341319681085097539e-07
1.345012573909391633e-07
1.348724915754916802e-07
1.352456727346635913e-07
1.356208031253387680e-07
1.359978850813520132e-07
1.363769204164338804e-07
1.367579106810324399e-07
1.371408581722941360e-07
1.375257652931452698e-07
1.379126346089467241e-07
1.383014683118069552e-07
1.386922683668928520e-07
1.390850361271152163e-07
1.394797735749230829e-07
1.398764831977154957e-07
1.402751672173526255e-07
1.406758276049251920e-07
1.410784659222587444e-07
1.414830828874534158e-07
1.418896784836519535e-07
1.422982536971687175e-07
1.427088088723264124e-07
1.431213441264052202e-07
1.435358594390879174e-07
1.439523541363128314e-07
1.443708270274992661e-07
1.447912783255579523e-07
1.452137082148495551e-07
1.456381167944247045e-07
1.460645042938812098e-07
1.464928706267104052e-07
1.469232150907381767e-07
1.473555376437443789e-07
1.477898386424403675e-07
1.482261185685813457e-07
1.486643783435811886e-07
1.491046185093014044e-07
1.495468390807139091e-07
1.499910404770174526e-07
1.504372239189539066e-07
1.508853905901087723e-07
1.513355417877532690e-07
1.517876785324271285e-07
1.522418014695124145e-07
1.526979106836927810e-07
1.531560068270579718e-07
1.536160902942042147e-07
1.540781610102413828e-07
1.545422185285438525e-07
1.550082620372511110e-07
1.554762902300314922e-07
1.559463015617146029e-07
1.564182940945865008e-07
1.568922655617441059e-07
1.573682131215782009e-07
1.578461338913282726e-07
1.583260246033697773e-07
1.588078822492344391e-07
1.592917036455348495e-07
1.597774847391546697e-07
1.602652210537897623e-07
1.607549080447094658e-07
1.612465411601827353e-07
1.617401152279342480e-07
1.622356247547588293e-07
1.627330644104989794e-07
1.632324290019766936e-07
1.637337135733390989e-07
1.642369134523513998e-07
1.647420237038486560e-07
1.652490392545995838e-07
1.657579556071081550e-07
1.662687685028123599e-07
1.667814744194930558e-07
1.672960704133072455e-07
1.678125532888253856e-07
1.683309195805708322e-07
1.688511664374239880e-07
1.693732914850242351e-07
1.698972927529402159e-07
1.704231687346882319e-07
1.709509176895631663e-07
1.714805376318412492e-07
1.720120266202555527e-07
1.725453823190215363e-07
1.730806027205933998e-07
1.736176853215929549e-07
1.741566272252729511e-07
1.746974248044581551e-07
1.752400737719137506e-07
1.757845696395540073e-07
1.763309079226386839e-07
1.768790829436419632e-07
1.774290905140981000e-07
1.779809228207158642e-07
1.785345747766889456e-07
1.790900390409929338e-07
1.796473087211091907e-07
1.802063772168586294e-07
1.807672374338264324e-07
1.813298827069581213e-07
1.818943060797834617e-07
1.824605002493592680e-07
1.830284585488295023e-07
1.835981746750492037e-07
1.841696427714234371e-07
1.847428572273169477e-07
1.853178125210214787e-07
1.858945029245173025e-07
1.864729231850040297e-07
1.870530684239198823e-07
1.876349339800142819e-07
1.882185155006017529e-07
1.888038086329974552e-07
1.893908086033710259e-07
1.899795102946805724e-07
1.905699089836052332e-07
1.911619995085858961e-07
1.917557768649628296e-07
1.923512356694246488e-07
1.929483701424512553e-07
1.935471740820420249e-07
1.941476417053595339e-07
1.947497672115166425e-07
1.953535448862371033e-07
1.959589690759523406e-07
1.965660338299538533e-07
1.971747329757643505e-07
1.977850608155871136e-07
1.983970118513708543e-07
1.990105807255716713e-07
1.996257620807514366e-07
2.002425504199637104e-07
2.008609400160037960e-07
2.014809250426692006e-07
2.021024998528233727e-07
2.027256586471026670e-07
2.033503957356462432e-07
2.039767052576682325e-07
2.046045810713801152e-07
2.052340168224526617e-07
2.058650064484418138e-07
2.064975437107744997e-07
2.071316226080307527e-07
2.077672371147119214e-07
2.084043812185877281e-07
2.090430486716184755e-07
2.096832339625779396e-07
2.103249314178296931e-07
2.109681354947405363e-07
2.116128408439723052e-07
2.122590420274204303e-07
2.129067334621635425e-07
2.135559095653311740e-07
2.142065649456773326e-07
2.148586940798066570e-07
2.155122916876937691e-07
2.161673528551624377e-07
2.168238719677367752e-07
2.174818431342634847e-07
2.181412605700833337e-07
2.188021185733550740e-07
2.194644113011183542e-07
2.201281331615802203e-07
2.207932781529943333e-07
2.214598399320125045e-07
2.221278122643133971e-07
2.227971889794543197e-07
2.234679641153091112e-07
2.241401317849187964e-07
2.248136859316092262e-07
2.254886206468311909e-07
2.261649301082431325e-07
2.268426088242709179e-07
2.275216515764974750e-07
2.282020533177459620e-07
2.288838093782477195e-07
2.295669148317762288e-07
2.302513645597353445e-07
2.309371543913049237e-07
2.316242807073147501e-07
2.323127394084327524e-07
2.330025257115060175e-07
2.336936353077446465e-07
2.343860633744415904e-07
2.350798059301445798e-07
2.357748596901945235e-07
2.364712220614162265e-07
2.371688901190715994e-07
2.378678575494325074e-07
2.385681235871155591e-07
2.392696807880940142e-07
2.399725281235761870e-07
2.406766602908607008e-07
2.413820731348274857e-07
2.420887686673540156e-07
2.427967303669838273e-07
2.435059724962886090e-07
2.442164852501526591e-07
2.449282583955652242e-07
2.456412697968113766e-07
2.463555170410759437e-07
2.470709951027926472e-07
2.477876939272933621e-07
2.485056046258315981e-07
2.492247243626637089e-07
2.499450469394658549e-07
2.506665621919031789e-07
2.513892582307985695e-07
2.521131333771258374e-07
2.528381807279689091e-07
2.535643853791872428e-07
2.542917450112579278e-07
2.550202589579578403e-07
2.557499161830755937e-07
2.564807126796992788e-07
2.572126433812312824e-07
2.579457136114355143e-07
2.586799175332618219e-07
2.594152542222390706e-07
2.601517227662258021e-07
2.608893320152389840e-07
2.616280861310862758e-07
2.623679849586588455e-07
2.631090428150971025e-07
2.638512506601649374e-07
2.645946160853849755e-07
2.653391269087945912e-07
2.660847789790515872e-07
2.668315735199905117e-07
2.675795199934327124e-07
2.683286207740587210e-07
2.690788719704853578e-07
2.698302635830745871e-07
2.705827989038119117e-07
2.713364812829729948e-07
2.720913128726634144e-07
2.728472917455332851e-07
2.736044150786108938e-07
2.743626833292770914e-07
2.751220902876996134e-07
2.758826359399790726e-07
2.766443123148826906e-07
2.774071216215979665e-07
2.781710685045897740e-07
2.789361432110351020e-07
2.797023424543643237e-07
2.804696691259206986e-07
2.812381257141360953e-07
2.820077122252057656e-07
2.827784375971017311e-07
2.835503013962900302e-07
2.843233123270610115e-07
2.850974658693270607e-07
2.858727573202530461e-07
2.866491953122284484e-07
2.874267826024601248e-07
2.882055251261791406e-07
2.889854207140715433e-07
2.897664760658340030e-07
2.905486835269454481e-07
2.913320343960869746e-07
2.921165322576238707e-07
2.929021771542714256e-07
2.936889685124201981e-07
2.944769084722997820e-07
2.952659994087896029e-07
2.960562475360110883e-07
2.968476502136899615e-07
2.976402021484221971e-07
2.984339066233969665e-07
2.992287615423387506e-07
3.000247746568218677e-07
3.008219477307012686e-07
3.016202878082096214e-07
3.024197949401062755e-07
3.032204768223628125e-07
3.040223239703900624e-07
3.048253361023196538e-07
3.056295190372957805e-07
3.064348749046803390e-07
3.072414112799533624e-07
3.080491303951085002e-07
3.088580418572240921e-07
3.096681478126626741e-07
3.104794526821336142e-07
3.112919548809537293e-07
3.121056517289657728e-07
3.129205492731855477e-07
3.137366523455546947e-07
3.145539638523745987e-07
3.153724816862525391e-07
3.161922131921150746e-07
3.170131644291000558e-07
3.178353412240776227e-07
3.186587425629590727e-07
3.194833701095957881e-07
3.203092254431784198e-07
3.211363115741087021e-07
3.219646354718957506e-07
3.227942042247947065e-07
3.236250184800774430e-07
3.244570851883329009e-07
3.252904111981497841e-07
3.261249948079086758e-07
3.269608364505847078e-07
3.277979410725692360e-07
3.286363186565250144e-07
3.294759673564160500e-07
3.303168969214354469e-07
3.311591071453868513e-07
3.320026115461789710e-07
3.328474118290855876e-07
3.336935116991754548e-07
3.345409100307143631e-07
3.353896157721693371e-07
3.362396328779771126e-07
3.370909712868988850e-07
3.379436350834659099e-07
3.387976325402495012e-07
3.396529721851577314e-07
3.405096648662525171e-07
3.413677171025775650e-07
3.422271297858145171e-07
3.430879131019133467e-07
3.439500755491820834e-07
3.448136190733131111e-07
3.456785449129562194e-07
3.465448597604589557e-07
3.474125693060499052e-07
3.482816816136378914e-07
3.491522096587376744e-07
3.500241551299441628e-07
3.508975191360916177e-07
3.517723093145567932e-07
3.526485323772778382e-07
3.535261968880273649e-07
3.544053118091428269e-07
3.552858838666170322e-07
3.561679289059683817e-07
3.570514560649344178e-07
3.579364768155201082e-07
3.588229905158456852e-07
3.597109993136907182e-07
3.606005126904663093e-07
3.614915409657888368e-07
3.623840949247861988e-07
3.632781862374757373e-07
3.641738246735302248e-07
3.650710218694682797e-07
3.659697888342625088e-07
3.668701388272549660e-07
3.677720804338413205e-07
3.686756147195800731e-07
3.695807509885399908e-07
3.704874948521404429e-07
3.713958566182550190e-07
3.723058389918383317e-07
3.732174463576676055e-07
3.741306821950042044e-07
3.750455470221875582e-07
3.759620437358609704e-07
3.768801741607893723e-07
3.777999320828694416e-07
3.787213073921065552e-07
3.796442881239058527e-07
3.805688672273587228e-07
3.814950398457478643e-07
3.824228021819891107e-07
3.833521507480734184e-07
3.842830841042314948e-07
3.852156039643918923e-07
3.861497174986808862e-07
3.870854230990128319e-07
3.880227247701654860e-07
3.889616319531962425e-07
3.899021578160139192e-07
3.908443175265849920e-07
3.917881289062834067e-07
3.927336110097650920e-07
3.936807858096179179e-07
3.946296751421637529e-07
3.955803073655184348e-07
3.965327091601576227e-07
3.974868973971102889e-07
3.984428888275529965e-07
3.994006978479931420e-07
4.003603411079067424e-07
4.013218343860112100e-07
4.022851921082349424e-07
4.032504266003640601e-07
4.042175490696909116e-07
4.051865676829562379e-07
4.061574925652800236e-07
4.071303337205588154e-07
4.081050942699357525e-07
4.090817746223728476e-07
4.100603787984867910e-07
4.110409128315634054e-07
4.120233835347565654e-07
4.130077988525319612e-07
4.139941680357964016e-07
4.149825023781893031e-07
4.159728157934698453e-07
