1.107274981887738814e-07
1.107270716586300580e-07
1.107265580807704223e-07
1.107263678069169271e-07
1.107268619804566985e-07
1.107278989759471907e-07
1.107288043421779930e-07
1.107286416946006663e-07
1.107266917166827164e-07
1.107227279181713871e-07
1.107170328411333313e-07
1.107101154263716864e-07
1.107026005383783238e-07
1.106948404275649221e-07
1.106867888293076735e-07
1.106779183647779156e-07
1.106687460346291040e-07
1.106585675303831028e-07
1.106471081821485518e-07
1.106342124586509218e-07
1.106196208286495317e-07
1.106034021041407060e-07
1.105855844924660092e-07
1.105662151269909096e-07
1.105452894821619290e-07
1.105228656159875483e-07
1.104991181480672159e-07
1.104738627993887364e-07
1.104472271509539494e-07
1.104197063080257260e-07
1.103905043684587494e-07
1.103600533832913262e-07
1.103291746454336438e-07
1.102965610889128175e-07
1.102631365061102888e-07
1.102293904458450951e-07
1.101949178761921542e-07
1.101601269838292138e-07
1.101250932678293248e-07
1.100897544558800237e-07
1.100547283245959768e-07
1.100199043430506707e-07
1.099856677899499537e-07
1.099522996373315349e-07
1.099197558084351966e-07
1.098886413994910262e-07
1.098587900462750217e-07
1.098303755124823510e-07
1.098035074960691139e-07
1.097789119628916503e-07
1.097562023178515074e-07
1.097357411355291867e-07
1.097180795407844651e-07
1.097029313119567296e-07
1.096899481938656930e-07
1.096804116932227842e-07
1.096741391979129485e-07
1.096711053720262145e-07
1.096720893810188284e-07
1.096767170098591483e-07
1.096851843076014821e-07
1.096976133301076056e-07
1.097137202258672272e-07
1.097341989727635256e-07
1.097584354057440802e-07
1.097865241123016890e-07
1.098185882634202055e-07
1.098546678460454489e-07
1.098945823440197033e-07
1.099383271750185101e-07
1.099859558944647791e-07
1.100374060849285376e-07
1.100922240550163874e-07
1.101504769682120183e-07
1.102123147519935695e-07
1.102770071946595278e-07
1.103448416362236706e-07
1.104155743163045794e-07
1.104887544191428573e-07
1.105642047062729679e-07
1.106418180830283869e-07
1.107210088189453531e-07
1.108016523600632603e-07
1.108837086934436939e-07
1.109663939219006662e-07
1.110494307215516886e-07
1.111329990895595758e-07
1.112161039182949519e-07
1.112983859535298724e-07
1.113802946725485308e-07
1.114607368630199826e-07
1.115386605100431139e-07
1.116154490087632157e-07
1.116897614880891133e-07
1.117614047325130741e-07
1.118299231228326696e-07
1.118948085172826789e-07
1.119558387753590125e-07
1.120126388740740727e-07
1.120647256918745501e-07
1.121120434154917518e-07
1.121543258853182813e-07
1.121907655229300007e-07
1.122214109949211952e-07
1.122462055519191516e-07
1.122644892299971779e-07
1.122760832678115444e-07
1.122812672256077289e-07
1.122793114908610844e-07
1.122699473958944696e-07
1.122535808026747241e-07
1.122296974743576071e-07
1.121979820215995626e-07
1.121587598928679957e-07
1.121115993872692665e-07
1.120562662424780635e-07
1.119930033008703645e-07
1.119215151769220767e-07
1.118416306310632736e-07
1.117535610880837817e-07
1.116571572731985978e-07
1.115522924636207894e-07
1.114390448403014940e-07
1.113175543031887877e-07
1.111876032868669299e-07
1.110492701262322786e-07
1.109028760586479499e-07
1.107480922082455611e-07
1.105849547860416773e-07
1.104141249033583470e-07
1.102351032484925839e-07
1.100470622793119393e-07
1.098523888350294460e-07
1.096500735844289299e-07
1.094403927474140890e-07
1.092236962518740165e-07
1.089999042385507814e-07
1.087692533945059433e-07
1.085322563289917236e-07
1.082889237947192624e-07
1.080397403857223828e-07
1.077850675731244225e-07
1.075250817020235745e-07
1.072602159363250774e-07
1.069911217526974690e-07
1.067178844093308349e-07
1.064408847524259012e-07
1.061608507282082325e-07
1.058776411005136791e-07
1.055914994897059369e-07
1.053032205916908591e-07
1.050117155047060369e-07
1.047169288829062360e-07
1.044187672150051973e-07
1.041153858601944859e-07
1.038038499809552643e-07
1.034856695853156432e-07
1.031607480556133565e-07
1.028301588768606623e-07
1.024955397796321157e-07
1.021576617712397990e-07
1.018176743675151824e-07
1.014769151459655469e-07
1.011359889163306145e-07
1.007955268349684444e-07
1.004564118546250806e-07
1.001189823871502909e-07
9.978344512129617729e-08
9.945025858274834781e-08
9.911969405967584537e-08
9.879169504599545823e-08
9.846648473081445352e-08
9.814449577664950306e-08
9.782560825971564028e-08
9.750944306493621465e-08
9.719792170450565057e-08
9.689023766886610698e-08
9.658642322452569805e-08
9.629377520076445685e-08
9.599944157921797388e-08
9.571016946384580900e-08
9.542691738821293593e-08
9.515051687494038734e-08
9.487973976347201486e-08
9.461545438593273137e-08
9.435744534100572571e-08
9.410627685978299444e-08
9.386218267882634751e-08
9.362483855167503437e-08
9.339443456988075772e-08
9.317136788511606687e-08
9.295554327286067761e-08
9.274720935036739029e-08
9.254677159700731493e-08
9.235413364757789084e-08
9.216963590389206896e-08
9.199382348579557981e-08
9.182643146525578855e-08
9.166771386931106703e-08
9.151806732433609296e-08
9.137738412059359104e-08
9.124559458992130228e-08
9.112396300920629591e-08
9.101071887410416285e-08
9.090610761140030388e-08
9.081058665628083510e-08
9.072338512777861738e-08
9.064397246695543857e-08
9.057303138631904136e-08
9.050889543507018465e-08
9.045253315388579206e-08
9.040201496064068771e-08
9.035842639311225676e-08
9.032078472212499800e-08
9.028823048830723617e-08
9.025921616702075287e-08
9.023386585695276105e-08
9.021145837936348499e-08
9.019134880403203112e-08
9.017283734493066311e-08
9.015549987914671836e-08
9.013896489070959150e-08
9.012287413481026849e-08
9.010685552086990522e-08
9.009062833352263400e-08
9.007410606025217047e-08
9.005735833070069304e-08
9.004050026732090303e-08
9.002372616014510274e-08
9.000724941930629291e-08
8.999109032667830417e-08
8.997532818902370906e-08
8.996003407459664033e-08
8.994507427957240214e-08
8.993028431683791143e-08
8.991562121807274590e-08
8.990103764429309076e-08
8.988587074676553454e-08
8.986967718785845079e-08
8.985253221448638469e-08
8.983419098212634777e-08
8.981419004216242858e-08
8.979199240904728317e-08
8.976755489545424443e-08
8.974077796595923947e-08
8.971177382793097786e-08
8.968059588115150791e-08
8.964729916863206517e-08
8.961192780827402510e-08
8.957455262001096086e-08
8.953514764459972717e-08
8.949370103520644255e-08
8.945016710742518571e-08
8.940469444050925216e-08
8.935714582305685309e-08
8.930753781894914243e-08
8.925572273660678331e-08
8.920175107247842918e-08
8.914579045524975787e-08
8.908825911376605054e-08
8.902953702771347390e-08
8.896973176594020877e-08
8.890908143495719703e-08
8.884768153692961604e-08
8.878587430960638897e-08
8.872364409559077822e-08
8.866032539433043358e-08
8.859523953102091622e-08
8.852813884939092287e-08
8.845949003688569302e-08
8.838999133750368564e-08
8.832039268051989378e-08
8.825122628991387404e-08
8.818270418041786012e-08
8.811496373509628928e-08
8.804809037003618076e-08
8.798213389117618114e-08
8.791723152194929551e-08
8.785346490126211571e-08
8.779092410592084540e-08
8.772970047861945001e-08
8.766991113410298244e-08
8.761167076335420305e-08
8.755508887481071159e-08
8.750029815435762478e-08
8.744744421260484431e-08
8.739663389676094513e-08
8.734793915536479434e-08
8.730142727944901622e-08
8.725710376609482134e-08
8.721499398448828085e-08
8.717514236078112101e-08
8.713759964341768520e-08
8.710244749267627858e-08
8.706970019799054521e-08
8.703936074133360993e-08
8.701147374998723697e-08
8.698606400024920245e-08
8.696316206154564019e-08
8.694280750487484954e-08
8.692504988211873100e-08
8.690996212264840851e-08
8.689760215150167663e-08
8.688804802836028333e-08
8.688137806670447023e-08
8.687765164509818503e-08
8.687691186790563810e-08
8.687919556979080428e-08
8.688454524421900502e-08
8.689300418155558025e-08
8.690461802246077296e-08
8.691943661957130755e-08
8.693751194660955188e-08
8.695888683902503297e-08
8.698361237009237381e-08
8.701174523069929640e-08
8.704333894217630935e-08
8.707844494061158872e-08
8.711711529836973010e-08
8.715939934158885088e-08
8.720534000823302281e-08
8.725498254144332250e-08
8.730836408118131874e-08
8.736552149155812647e-08
8.742649220013136245e-08
8.749130143715132748e-08
8.755996750603708087e-08
8.763250639948008333e-08
8.770892336762339660e-08
8.778922032089923622e-08
8.787340171975255632e-08
8.796146596942614621e-08
8.805340088285003605e-08
8.814919604584621448e-08
8.824884278070793241e-08
8.835232783899482062e-08
8.845964057738297681e-08
8.857077008310058161e-08
8.868570660151567939e-08
8.880444128529598684e-08
8.892696692368293915e-08
8.905327026790750508e-08
8.918333770367951977e-08
8.931715707732930920e-08
8.945471299764761131e-08
8.959598636443496526e-08
8.974095932663709967e-08
8.988961200473290409e-08
9.004191791840952509e-08
9.019784821804453412e-08
9.035737808796320800e-08
9.052047841684802751e-08
9.068711684091163266e-08
9.085726222057925285e-08
9.103088710554492755e-08
9.120795934339295571e-08
9.138844560957173097e-08
9.157231529432365893e-08
9.175954101800028231e-08
9.195009603656866589e-08
9.214395206756565333e-08
9.234108394292752199e-08
9.254146749884625816e-08
9.274508400786210817e-08
9.295191504295820914e-08
9.316194324178611302e-08
9.337515179984188882e-08
9.359152794606717918e-08
9.381105634060658263e-08
9.403372217952565950e-08
9.425951202672899975e-08
9.448841221587508603e-08
9.472040995985999088e-08
9.495548873814115994e-08
9.519363413149641998e-08
9.543483307707148515e-08
9.567907179950107018e-08
9.592633588474275388e-08
9.617661037035647705e-08
9.642988247475502458e-08
9.668614135871078185e-08
9.694537616766510258e-08
9.720757845227428490e-08
9.747274273306690671e-08
9.774086786743209018e-08
9.801195385046191465e-08
9.828600703599407915e-08
9.856304241869669803e-08
9.884307752649655077e-08
9.912613361605528445e-08
9.941223529070813556e-08
9.970141803609647592e-08
9.999371459029580187e-08
1.002891573787095616e-07
1.005877788673674977e-07
1.008896175398734020e-07
1.011947085429442415e-07
1.015030803584055586e-07
1.018147618898473083e-07
1.021297850893245109e-07
1.024481802772125189e-07
1.027699676509971367e-07
1.030951669045610735e-07
1.034237985482787311e-07
1.037558790972014153e-07
1.040914158444124643e-07
1.044304168205530592e-07
1.047728882743808370e-07
1.051188293624723625e-07
1.054682366752722921e-07
1.058211060365500201e-07
1.061774349005431001e-07
1.065372191197486973e-07
1.069004601088591644e-07
1.072671623263396615e-07
1.076373341475539138e-07
1.080109887139838008e-07
1.083881425814942491e-07
1.087688154580121584e-07
1.091530357213193804e-07
1.095408335467715243e-07
1.099322395978121519e-07
1.103272891211780773e-07
1.107260201673173444e-07
1.111284725073590563e-07
1.115346884313682894e-07
1.119447109356448964e-07
1.123585860452474024e-07
1.127763616512930062e-07
1.131980853781120363e-07
1.136238052885950898e-07
1.140535675697991176e-07
1.144874157744725925e-07
1.149253891914030028e-07
1.153675212490867015e-07
1.158138370672619847e-07
1.162643556880759571e-07
1.167190909277077500e-07
1.171780519890176972e-07
1.176412411503784990e-07
1.181086550257165240e-07
1.185802882238579498e-07
1.190561360586455118e-07
1.195361917940737976e-07
1.200204483221518780e-07
1.205089000821042455e-07
1.210015357100308154e-07
1.214983375726170615e-07
1.219992816811943183e-07
1.225043291565951089e-07
1.230134271174340556e-07
1.235265042175810513e-07
1.240434702145457217e-07
1.245642178036742531e-07
1.250886214294208401e-07
1.256165419148758742e-07
1.261478309647061701e-07
1.266823349631612864e-07
1.272199006977044052e-07
1.277603816369582211e-07
1.283036437443955404e-07
1.288495673675971418e-07
1.293980512021236123e-07
1.299490124473081319e-07
1.305023877712756577e-07
1.310581315578173393e-07
1.316162163780209260e-07
1.321766312187307385e-07
1.327393774927451905e-07
1.333044693473045992e-07
1.338719308968992924e-07
1.344417956643232070e-07
1.350141064736980749e-07
1.355889154736958900e-07
1.361662841361499064e-07
1.367462830040189794e-07
1.373289917770986436e-07
1.379144976581776372e-07
1.385028943120217043e-07
1.390942810859921363e-07
1.396887611756633647e-07
1.402864399588302524e-07
1.408874238952173516e-07
1.414918183180712037e-07
1.420997234422579871e-07
1.427112332095087668e-07
1.433264339665819646e-07
1.439454019346916805e-07
1.445682016054900566e-07
1.451948852966836168e-07
1.458254907251098349e-07
1.464600393926471107e-07
1.470985378938139686e-07
1.477409762243990305e-07
1.483873298621631456e-07
1.490375590752688590e-07
1.496916115203491277e-07
1.503494236984736032e-07
1.510109242822741436e-07
1.516760353241336569e-07
1.523446735690717372e-07
1.530167555335360323e-07
1.536921988493480216e-07
1.543709264600595356e-07
1.550528680802663804e-07
1.557379582308602272e-07
1.564261381432853092e-07
1.571173583944571736e-07
1.578115775940627043e-07
1.585087612416914415e-07
1.592088824637262677e-07
1.599119220447219014e-07
1.606178659783004780e-07
1.613267038962968406e-07
1.620384286441243806e-07
1.627530351167106543e-07
1.634705198711168706e-07
1.641908791006860939e-07
1.649141080528075394e-07
1.656402014024872735e-07
1.663691523878852067e-07
1.671009526154191132e-07
1.678355921715708617e-07
1.685730598907736880e-07
1.693133435798426532e-07
1.700564312401032143e-07
1.708023110816518979e-07
1.715509710972187883e-07
1.723024003769574532e-07
1.730565894490424505e-07
1.738135298337916610e-07
1.745732136158297615e-07
1.753356351239667413e-07
1.761007891326962861e-07
1.768686702901688058e-07
1.776392736740824822e-07
1.784125942028008176e-07
1.791886246942340699e-07
1.799673565274902779e-07
1.807487808506510440e-07
1.815328864744681773e-07
1.823196605692737889e-07
1.831090894017413814e-07
1.839011563601469844e-07
1.846958423522563173e-07
1.854931253030817117e-07
1.862929786518049411e-07
1.870953755548108215e-07
1.879002937187265264e-07
1.887077124348216493e-07
1.895176110559280057e-07
1.903299695554324627e-07
1.911447705168947305e-07
1.919619983299216107e-07
1.927816384078395042e-07
1.936036767034989597e-07
1.944280995016831762e-07
1.952548929598350933e-07
1.960840435361740737e-07
1.969155389719594340e-07
1.977493662183078234e-07
1.985855120225809774e-07
1.994239619946603513e-07
2.002647005618161460e-07
2.011077104383274636e-07
2.019529740941125273e-07
2.028004730517184666e-07
2.036501880136128460e-07
2.045020980806541582e-07
2.053561820691149515e-07
2.062124173697095505e-07
2.070707810212974141e-07
2.079312508475879833e-07
2.087938049142840682e-07
2.096584217046360702e-07
2.105250800642144543e-07
2.113937600109054927e-07
2.122644419749654277e-07
2.131371085193453139e-07
2.140117432294949397e-07
2.148883307026245145e-07
2.157668560890740471e-07
2.166473052550770525e-07
2.175296644066125433e-07
2.184139203986244919e-07
2.193000613673278495e-07
2.201880761830421759e-07
2.210779543080749435e-07
2.219696844893830926e-07
2.228632551368052711e-07
2.237586542037870754e-07
2.246558700473444583e-07
2.255548915373127945e-07
2.264557066822218741e-07
2.273583018383623707e-07
2.282626636044664073e-07
2.291687784914015529e-07
2.300766329794193443e-07
2.309862144161817605e-07
2.318975100064864185e-07
2.328105069096134494e-07
2.337251927125710380e-07
2.346415548988579048e-07
2.355595808842639212e-07
2.364792591889999399e-07
2.374005792993453653e-07
2.383235311815492334e-07
2.392481057029661257e-07
2.401742930786126195e-07
2.411020832007619961e-07
2.420314667757600761e-07
2.429624358109831109e-07
2.438949827853887105e-07
2.448291003343906282e-07
2.457647812651413538e-07
2.467020188164805948e-07
2.476408069308943688e-07
2.485811408217528511e-07
2.495230154530648526e-07
2.504664263316192200e-07
2.514113691670652736e-07
2.523578399407852146e-07
2.533058343500950343e-07
2.542553484104124647e-07
2.552063779731027438e-07
2.561589193561557368e-07
2.571129691363164806e-07
2.580685238513261567e-07
2.590255796712385260e-07
2.599841329526739266e-07
2.609441800125886318e-07
2.619057170451215198e-07
2.628687405650532499e-07
2.638332471725374616e-07
2.647992325444891985e-07
2.657666930073801433e-07
2.667356249377443787e-07
2.677060247884995654e-07
2.686778895383506492e-07
2.696512161058026734e-07
2.706260018069306830e-07
2.716022456068262233e-07
2.725799469223844546e-07
2.735591057796245351e-07
2.745397225693137330e-07
2.755217980468033140e-07
2.765053342300611305e-07
2.774903337448432617e-07
2.784768002663178278e-07
2.794647377485084772e-07
2.804541506022893609e-07
2.814450434207663036e-07
2.824374219565236504e-07
2.834312925483546965e-07
2.844266607692694668e-07
2.854235319245364832e-07
2.864219123509946183e-07
2.874218083649576543e-07
2.884232267830567478e-07
2.894261749024633752e-07
2.904306602753216531e-07
2.914366899162216965e-07
2.924442711335103639e-07
2.934534115198746333e-07
2.944641190807714377e-07
2.954764025188282413e-07
2.964902698516946457e-07
2.975057293230417830e-07
2.985227894021868155e-07
2.995414589456282597e-07
3.005617473948809602e-07
3.015836646561825355e-07
3.026072205210416321e-07
3.036324249377406251e-07
3.046592882493159831e-07
3.056878208288978788e-07
3.067180341464068374e-07
3.077499393428368269e-07
3.087835470702640749e-07
3.098188677753741952e-07
3.108559119162160134e-07
3.118946903277918923e-07
3.129352143739168164e-07
3.139774949196222663e-07
3.150215422232943025e-07
3.160673666572857861e-07
3.171149789695841265e-07
3.181643902746737543e-07
3.192156119000900682e-07
3.202686543513157388e-07
3.213235293706337298e-07
3.223802473495094595e-07
3.234388216289717806e-07
3.244992649553837650e-07
3.255615892405021462e-07
3.266258092260872794e-07
3.276919376731934938e-07
3.287599895592008817e-07
3.298299793606102609e-07
3.309019222985088786e-07
3.319758337517369867e-07
3.330517294447967534e-07
3.341296251921656809e-07
3.352095371675065985e-07
3.362914812847376175e-07
3.373754737158379831e-07
3.384615306861890860e-07
3.395496680829474019e-07
3.406399019190152065e-07
3.417322480369100219e-07
3.428267223473859735e-07
3.439233404922702086e-07
3.450221184206481639e-07
3.461230719710731945e-07
3.472262169125252745e-07
3.483315693301474199e-07
3.494391451057123652e-07
3.505489603057613296e-07
3.516610310090945346e-07
3.527753738865978667e-07
3.538920058474507678e-07
3.550109444648374775e-07
3.561322072627613319e-07
3.572558123109955706e-07
3.583817779197308182e-07
3.595101227690990740e-07
3.606408659079007280e-07
3.617740266701205168e-07
3.629096245539353254e-07
3.640476792015089053e-07
3.651882109955919597e-07
3.663312402762398609e-07
3.674767875404740391e-07
3.686248733598240657e-07
3.697755181891034014e-07
3.709287421834736787e-07
3.720845657171064807e-07
3.732430092473139622e-07
3.744040931391448438e-07
3.755678375394799521e-07
3.767342623623382100e-07
3.779033869807326674e-07
3.790752308754832869e-07
3.802498137272487145e-07
3.814271551245197175e-07
3.826072747029681749e-07
3.837901917252443024e-07
3.849759252975362426e-07
3.861644943044868591e-07
3.873559176681199560e-07
3.885502142300866043e-07
3.897474028907021593e-07
3.909475023178585181e-07
3.921505309639332261e-07
3.933565069971960081e-07
3.945654490987846093e-07
3.957773758857530679e-07
3.969923060809950478e-07
3.982102583793171825e-07
3.994312519875642984e-07
4.006553061213755944e-07
4.018824402512824415e-07
4.031126744806124499e-07
4.043460290350245865e-07
4.055825247657608837e-07
4.068221824872677864e-07
4.080650230958403740e-07
4.093110677671606087e-07
4.105603381675215179e-07
4.118128563890059328e-07
4.130686443010101880e-07
4.143277238901243493e-07
4.155901171210660274e-07
4.168558461236723767e-07
4.181249331966949094e-07
4.193974006886838983e-07
4.206732710321977618e-07
4.219525669156445024e-07
4.232353102088169717e-07
4.245215222063355925e-07
4.258112253549215446e-07
4.271044414211382921e-07
4.284011925935605951e-07
4.297015012912489785e-07
4.310053908318907501e-07
4.323128848064020646e-07
4.336240041865437669e-07
4.349387748357649228e-07
4.362572164984464668e-07
4.375793538111957380e-07
4.389052078436912251e-07
4.402347997151500330e-07
4.415681573730562205e-07
4.429052902929188701e-07
4.442462377738363097e-07
4.455910173613065540e-07
4.469396445875760977e-07
4.482921207964916694e-07
4.496484658421837333e-07
4.510086971215383205e-07
4.523728255088108360e-07
4.537408631304381429e-07
4.551128265875188716e-07
4.564887304504496651e-07
4.578685859681661352e-07
4.592524023234766591e-07
4.606401996758810544e-07
4.620319939128179120e-07
4.634277922094073487e-07
4.648276143886066867e-07
4.662314829051320910e-07
4.676394103703177235e-07
4.690514156024125642e-07
4.704675164773773325e-07
4.718877415293899641e-07
4.733121088386875731e-07
4.747406397875216464e-07
4.761733554321049665e-07
4.776102868305946103e-07
4.790514609406684100e-07
4.804969000380896678e-07
4.819466407112279285e-07
4.834006964817721019e-07
4.848590958077495325e-07
4.863218472121169086e-07
4.877889651681966095e-07
4.892604689243699987e-07
4.907363858246501824e-07
4.922167369207498688e-07
4.937015365826808403e-07
4.951907911405184115e-07
4.966845191493270439e-07
4.981827402347319058e-07
4.996854730719245182e-07
5.011927323276838681e-07
5.027045312151874431e-07
5.042208853566847590e-07
5.057418041711361318e-07
5.072673035981064541e-07
5.087973926359976190e-07
5.103320896623119478e-07
5.118714150984257460e-07
5.134153751589013748e-07
5.149639821445982044e-07
5.165172550776194166e-07
5.180752128167032782e-07
5.196378712766243567e-07
5.212052539422961806e-07
5.227773756182407525e-07
5.243542604970096065e-07
5.259359208044341578e-07
5.275223669157594615e-07
5.291136204933112543e-07
5.307096981032445104e-07
5.323106189375976555e-07
5.339163953838585546e-07
5.355270480328861240e-07
5.371425837476929269e-07
5.387630066100287745e-07
5.403883311695142330e-07
5.420185693252488754e-07
5.436537328129723358e-07
5.452938360677044813e-07
5.469388935499270954e-07
5.485889232646938537e-07
5.502439345167961481e-07
5.519039336014444645e-07
5.535689349594730215e-07
5.552389489850698135e-07
5.569139935846635994e-07
5.585940813371121862e-07
5.602792293795822452e-07
5.619694482703229468e-07
5.636647557611254329e-07
5.653651536278120653e-07
5.670706509584204106e-07
5.687812615603430624e-07
5.704969954915248398e-07
5.722178673092233697e-07
5.739438870299973355e-07
5.756750716767149944e-07
5.774114318662308793e-07
5.791529795938865643e-07
5.808997208499700973e-07
5.826516601400435894e-07
5.844088093154769423e-07
5.861711800638572377e-07
5.879387825848668117e-07
5.897116221542721873e-07
5.914897118431611812e-07
5.932730632733118150e-07
5.950616877937914882e-07
5.968555909540645626e-07
5.986547813603854761e-07
6.004592667753196993e-07
6.022690555148861482e-07
6.040841588384121524e-07
6.059045881487216339e-07
6.077303496082053359e-07
6.095614549451025216e-07
6.113979157133987190e-07
6.132397353150745998e-07
6.150869180004040622e-07
6.169394717284714205e-07
6.187974087467563461e-07
6.206607321456083605e-07
6.225294543441434327e-07
6.244035789061187514e-07
6.262831205966393232e-07
6.281680843710851648e-07
6.300584759650251054e-07
6.319542982293978744e-07
6.338555621895614547e-07
6.357622741105207136e-07
6.376744448713007512e-07
6.395920805560710416e-07
6.415151906622899381e-07
6.434437861066120855e-07
6.453778795124656350e-07
6.473174793456582797e-07
6.492625887999771927e-07
6.512132188165795645e-07
6.531693790694699785e-07
6.551310745536813457e-07
6.570983101756405783e-07
6.590710942763728047e-07
6.610494337194622296e-07
6.630333371469458799e-07
6.650228177395296000e-07
6.670178801446193208e-07
6.690185283670026987e-07
6.710247711199843129e-07
6.730366156432419022e-07
6.750540706918755101e-07
6.770771450596358230e-07
6.791058462614028547e-07
6.811401892915838069e-07
6.831801831195242724e-07
6.852258375766793421e-07
6.872771522309306053e-07
6.893341292136004691e-07
6.913967769103426400e-07
6.934651051370013918e-07
6.955391234190103525e-07
6.976188414863048559e-07
6.997042674743545100e-07
7.017954109841791986e-07
7.038922814537930321e-07
7.059948908213564019e-07
7.081032466312474561e-07
7.102173502284651530e-07
7.123372095297124073e-07
7.144628293986101564e-07
7.165942186757643024e-07
7.187313811946163128e-07
7.208743214761145462e-07
7.230230427957125398e-07
7.251775464716773156e-07
7.273378353781326946e-07
7.295039108929969352e-07
7.316757691655334279e-07
7.338534036728862883e-07
7.360368062088736921e-07
7.382259721794513018e-07
7.404208986074795729e-07
7.426215835479603707e-07
7.448280267323393584e-07
7.470402301638314566e-07
7.492581982791069399e-07
7.514819398477055402e-07
7.537114581288698546e-07
7.559467613516937369e-07
7.581878634040419342e-07
7.604347819994925442e-07
7.626875366713208503e-07
7.649461492335206149e-07
7.672106429866113759e-07
7.694810438761358914e-07
7.717573786178869651e-07
7.740396791490219623e-07
7.763279753553853028e-07
7.786222893450205656e-07
7.809226428570135191e-07
7.832290553403082113e-07
7.855415482235667055e-07
7.878601424681726339e-07
7.901848566257998910e-07
7.925157062744751434e-07
7.948527055936544420e-07
7.971958656038472473e-07
7.995451986739258634e-07
8.019007168689280646e-07
8.042624272202742459e-07
8.066303344963840293e-07
8.090044466824209208e-07
8.113847729142804838e-07
8.137713236272128579e-07
8.161641109017214745e-07
8.185631488125519597e-07
8.209684526463379880e-07
8.233800408225927029e-07
