1.107229384610266841e-07
1.107222644932451475e-07
1.107214406556116909e-07
1.107206680616784140e-07
1.107200991231950691e-07
1.107195696299250221e-07
1.107185994273621900e-07
1.107165780667187364e-07
1.107130476910329226e-07
1.107078819336198112e-07
1.107012114473937940e-07
1.106933004021263112e-07
1.106844340117666109e-07
1.106746328570707561e-07
1.106637794075623929e-07
1.106513375107621717e-07
1.106375087674061359e-07
1.106217773447163182e-07
1.106039735913102961e-07
1.105839856138920830e-07
1.105615889521567988e-07
1.105368206501100967e-07
1.105096764608975241e-07
1.104801446732016432e-07
1.104482601123755312e-07
1.104140368618438181e-07
1.103777259525506928e-07
1.103391309023140377e-07
1.102984277066963034e-07
1.102560401867241426e-07
1.102116320552795370e-07
1.101654667639753090e-07
1.101182564002801060e-07
1.100692985173438751e-07
1.100193439903118004e-07
1.099690221791879247e-07
1.099179163890779321e-07
1.098665780019512246e-07
1.098152532089563566e-07
1.097640760355331517e-07
1.097136710817572314e-07
1.096640197675541365e-07
1.096156782951862343e-07
1.095690590479538395e-07
1.095240918108785315e-07
1.094817737688886499e-07
1.094418149212641438e-07
1.094045152598135991e-07
1.093701444477686405e-07
1.093395297015833451e-07
1.093123383025214451e-07
1.092892246456484672e-07
1.092703520358338395e-07
1.092557186975058953e-07
1.092451676037757853e-07
1.092398445523640094e-07
1.092393996300700448e-07
1.092433671760754540e-07
1.092532995882945094e-07
1.092684183341177613e-07
1.092888059997327523e-07
1.093147606755425370e-07
1.093456695305916776e-07
1.093820346672758639e-07
1.094233955888941674e-07
1.094695261547596573e-07
1.095203717491558415e-07
1.095758943777740745e-07
1.096356363412187984e-07
1.096993370200258044e-07
1.097669533522255298e-07
1.098380869223407820e-07
1.099121945917469586e-07
1.099892088666039147e-07
1.100685368672528567e-07
1.101493988049009365e-07
1.102318701490636198e-07
1.103157107249509225e-07
1.103999479206218749e-07
1.104843924685359483e-07
1.105686377870991416e-07
1.106518282105971286e-07
1.107336659183790286e-07
1.108139052340421930e-07
1.108915430162191138e-07
1.109661740878333710e-07
1.110378284157431492e-07
1.111053114511586572e-07
1.111683284400774288e-07
1.112269147123501423e-07
1.112799495619180191e-07
1.113268877110079811e-07
1.113682437362574256e-07
1.114027897615033560e-07
1.114299808826642545e-07
1.114503236257743384e-07
1.114627831496859193e-07
1.114670192678848279e-07
1.114632754573286014e-07
1.114507224786790118e-07
1.114292313261495224e-07
1.113991539872173000e-07
1.113593258812231402e-07
1.113099122463693072e-07
1.112512739333664155e-07
1.111825563433716202e-07
1.111038087294654940e-07
1.110156095574534830e-07
1.109171436895744482e-07
1.108084116915719652e-07
1.106901238833459810e-07
1.105616406305723131e-07
1.104229709092050788e-07
1.102746207104102629e-07
1.101163406854302517e-07
1.099479981947859653e-07
1.097701880691436601e-07
1.095828059544654083e-07
1.093856894142664315e-07
1.091794860683723577e-07
1.089642133134458265e-07
1.087397629464880518e-07
1.085066679535060639e-07
1.082651389899040538e-07
1.080150439947639787e-07
1.077569255876658829e-07
1.074911099668995884e-07
1.072173982132884822e-07
1.069363005347109109e-07
1.066484094114258901e-07
1.063533746535814677e-07
1.060514308991306211e-07
1.057438815858786893e-07
1.054301426247225831e-07
1.051105529304019105e-07
1.047861429307743120e-07
1.044565666131774415e-07
1.041219793894453815e-07
1.037837787515520319e-07
1.034415860037707403e-07
1.030957317356464231e-07
1.027474464640613104e-07
1.023964660270322183e-07
1.020433559728912567e-07
1.016890633710950687e-07
1.013334441614703746e-07
1.009770629335187084e-07
1.006208926366944338e-07
1.002645272853597052e-07
9.990847656559542757e-08
9.955387300572483943e-08
9.919936846015431327e-08
9.884545034355960796e-08
9.849307502224955838e-08
9.814075575875090172e-08
9.778675232289968085e-08
9.743238506667593438e-08
9.707714237784160030e-08
9.672154126623171981e-08
9.636709431619356320e-08
9.601411168628283037e-08
9.566326490175947383e-08
9.531615426510985846e-08
9.497308416361220892e-08
9.463453246137210625e-08
9.430175794871361279e-08
9.397491575236567521e-08
9.365428496313897993e-08
9.334082349720268377e-08
9.303466384696830215e-08
9.273588465515205259e-08
9.244530170404772248e-08
9.216321110052910006e-08
9.188949956638532899e-08
9.162543250096304548e-08
9.137004532211782339e-08
9.112446127562856491e-08
9.088531863917603667e-08
9.066952937953311260e-08
9.044377162063790391e-08
9.022483046864392174e-08
9.001551690127849369e-08
8.981630005899236868e-08
8.962611879012379715e-08
8.944721282214751127e-08
8.927885884588343354e-08
8.912162402770380883e-08
8.897566244378713035e-08
8.883980084232153414e-08
8.871369385334499135e-08
8.859742657824488801e-08
8.849004962377389496e-08
8.839129795943887065e-08
8.830117109362369246e-08
8.821876445827564347e-08
8.814398166592041103e-08
8.807693187709324955e-08
8.801653770366690470e-08
8.796258932733323178e-08
8.791524635572373749e-08
8.787293116353558898e-08
8.783529881610352701e-08
8.780301012537226352e-08
8.777347186734223221e-08
8.774628038235548355e-08
8.772092435072153311e-08
8.769568344096456630e-08
8.766887970380220395e-08
8.764151252739524582e-08
8.761289613533579926e-08
8.758061460433967547e-08
8.754681929241992863e-08
8.750690274702878902e-08
8.746075891546512328e-08
8.740746257503336143e-08
8.734511375033035077e-08
8.727439820443434558e-08
8.719486732943814037e-08
8.710624565086852209e-08
8.700827889721424615e-08
8.690099349334794056e-08
8.678447733612835042e-08
8.665886766419571331e-08
8.652433711025942287e-08
8.638115782664213598e-08
8.622972883123873867e-08
8.607060155728360798e-08
8.590433601983278748e-08
8.573153375590530767e-08
8.555278341455872185e-08
8.536851670929603914e-08
8.517925054568327284e-08
8.498553681064663708e-08
8.478752653813286168e-08
8.458542097113091148e-08
8.437942395943150941e-08
8.416966632948395608e-08
8.395601224285397240e-08
8.373870065181811418e-08
8.351765506294885459e-08
8.329294703374540527e-08
8.306456371736372995e-08
8.283279167716212504e-08
8.259798837712193040e-08
8.236045267038282598e-08
8.212057628394219445e-08
8.187875566243298174e-08
8.163539019893773275e-08
8.139088966540404135e-08
8.114564341269241778e-08
8.089998033731315970e-08
8.065420978772693546e-08
8.040864169134945319e-08
8.016362344096496651e-08
7.991940597234501571e-08
7.967632595721417836e-08
7.943459440225895680e-08
7.919459662074937159e-08
7.895678386192684755e-08
7.872128204944026543e-08
7.848847467028114617e-08
7.825879682019020912e-08
7.803253912991443594e-08
7.780967832308195382e-08
7.759028396495910044e-08
7.737451518877130176e-08
7.716218792450663354e-08
7.695314719499129057e-08
7.674764305429869845e-08
7.654646987901599477e-08
7.635057705687902413e-08
7.616073433412747611e-08
7.597737879119158624e-08
7.580074763891323346e-08
7.563101110759438422e-08
7.546826644456919625e-08
7.531267653988415957e-08
7.516443378299961852e-08
7.502366192792227609e-08
7.489051260010383321e-08
7.476515242977433015e-08
7.464772676850818198e-08
7.453843635269765909e-08
7.443741821388018769e-08
7.434478549431361417e-08
7.426069198166691167e-08
7.418525304816767020e-08
7.411859196019350712e-08
7.406082543866916948e-08
7.401202636273926855e-08
7.397226689871410104e-08
7.394161448598716917e-08
7.392013027311964402e-08
7.390788668923379210e-08
7.390490162911835313e-08
7.391118499268032704e-08
7.392677466732556193e-08
7.395170219270313583e-08
7.398601582722918432e-08
7.402974594617155939e-08
7.408292554767584181e-08
7.414558991199284268e-08
7.421774989968626159e-08
7.429941949943859799e-08
7.439060598830732660e-08
7.449130489794401417e-08
7.460149977265344001e-08
7.472116831355799010e-08
7.485030448580566475e-08
7.498889587806716271e-08
7.513692247847746508e-08
7.529436774871647678e-08
7.546121056314343339e-08
7.563741489847279215e-08
7.582294679919531174e-08
7.601777156830798383e-08
7.622185009981141546e-08
7.643514068716037618e-08
7.665759080580331971e-08
7.688914918918599230e-08
7.712975464326040220e-08
7.737933059453912275e-08
7.763780437738627896e-08
7.790509827587194061e-08
7.818111619718319630e-08
7.846576066265451998e-08
7.875893215615016865e-08
7.906051916211068229e-08
7.937040962090327780e-08
7.968849836740163791e-08
8.001467503095605432e-08
8.034882799580848241e-08
8.069085111118935973e-08
8.104063033315790922e-08
8.139804859304412339e-08
8.176299467092303871e-08
8.213534559594124801e-08
8.251496855842391184e-08
8.290173452812621857e-08
8.329550821416561915e-08
8.369614233563347952e-08
8.410349161140913673e-08
8.451740805637360222e-08
8.493773664130016982e-08
8.536432602374713841e-08
8.579702969413968521e-08
8.623570588181190236e-08
8.668020994953304914e-08
8.713040998469524458e-08
8.758618346137043198e-08
8.804741193087888867e-08
8.851398732973007421e-08
8.898581343906640720e-08
8.946280511855576634e-08
8.994488461897671638e-08
9.043198195296657616e-08
9.092403612244491133e-08
9.142099201947032875e-08
9.192279532864501769e-08
9.242939226502744327e-08
9.294073220623018762e-08
9.345676279380608300e-08
9.397742872084246763e-08
9.450267084232854275e-08
9.503242970227240400e-08
9.556664384116720446e-08
9.610524842128769067e-08
9.664817801130332722e-08
9.719536462980565828e-08
9.774674404348416301e-08
9.830225445221826177e-08
9.886183491780593363e-08
9.942542538304297466e-08
9.999296979654679995e-08
1.005644178139700124e-07
1.011397231556875595e-07
1.017188433903051311e-07
1.023017367818951941e-07
1.028883648287858837e-07
1.034786910578932863e-07
1.040726801579806565e-07
1.046702969050903840e-07
1.052715031490595097e-07
1.058762613811959101e-07
1.064845319488905349e-07
1.070962719290501800e-07
1.077114352675127715e-07
1.083299758286609812e-07
1.089518455646063698e-07
1.095769917716603123e-07
1.102053591132797695e-07
1.108368914494978098e-07
1.114715311494631854e-07
1.121092177449712024e-07
1.127498883270942046e-07
1.133934838509270953e-07
1.140399439671659617e-07
1.146892083489385336e-07
1.153412199309702866e-07
1.159959291999276308e-07
1.166532910805705705e-07
1.173132619454646676e-07
1.179758061605179396e-07
1.186408975007594929e-07
1.193085130492122768e-07
1.199786309146479079e-07
1.206512403705416930e-07
1.213263344740178001e-07
1.220039076924234860e-07
1.226839605102490764e-07
1.233664986256393410e-07
1.240515309983971464e-07
1.247390680631895558e-07
1.254291279871175475e-07
1.261217304807571298e-07
1.268168961242769485e-07
1.275146486543911399e-07
1.282150114476597719e-07
1.289180045814276659e-07
1.296236521635249562e-07
1.303319757146586852e-07
1.310429914735575767e-07
1.317567152879621697e-07
1.324731597533655216e-07
1.331923328403403604e-07
1.339142410174699665e-07
1.346388857388746735e-07
1.353662704897917950e-07
1.360963983562551666e-07
1.368292749537652150e-07
1.375649084895716086e-07
1.383033112133563573e-07
1.390445013734390934e-07
1.397885025194849909e-07
1.405353478286489927e-07
1.412850762576437274e-07
1.420377349383144907e-07
1.427933796492824635e-07
1.435520729551361463e-07
1.443138843190834858e-07
1.450788879954297169e-07
1.458471676773066485e-07
1.466188167442455968e-07
1.473939368504091236e-07
1.481726401601684549e-07
1.489550551587703574e-07
1.497413184787903558e-07
1.505315775089801012e-07
1.513259909994064764e-07
1.521247199733012675e-07
1.529279257728633250e-07
1.537357632234441762e-07
1.545483745286739948e-07
1.553658830842679087e-07
1.561883836668446161e-07
1.570159363845603041e-07
1.578485625705976822e-07
1.586862392303587254e-07
1.595288987619260406e-07
1.603764310268691900e-07
1.612286876706522295e-07
1.620854874684172186e-07
1.629466244264325657e-07
1.638118784030645112e-07
1.646810246304334391e-07
1.655538446044200179e-07
1.664301326867447645e-07
1.673097041829664675e-07
1.681923986648418143e-07
1.690780817997428890e-07
1.699666456928932385e-07
1.708580085075811151e-07
1.717521116198796424e-07
1.726489173500406963e-07
1.735484059736235565e-07
1.744505727148154327e-07
1.753554238796487417e-07
1.762629745125064497e-07
1.771732466797822287e-07
1.780862668623490858e-07
1.790020648865565875e-07
1.799206720712986955e-07
1.808421216802910055e-07
1.817664476616962569e-07
1.826936815426138742e-07
1.836238533453361794e-07
1.845569889836255720e-07
1.854931088267334851e-07
1.864322258924643869e-07
1.873743465463576438e-07
1.883194672332730924e-07
1.892675721391911312e-07
1.902186332191923634e-07
1.911726084962952598e-07
1.921294420707056002e-07
1.930890646300980255e-07
1.940513953764005556e-07
1.950163438034264777e-07
1.959838106702453281e-07
1.969536918812458210e-07
1.979258809011833762e-07
1.989002714388141977e-07
1.998767597916434342e-07
2.008552465773291864e-07
2.018356386487437969e-07
2.028178526496006076e-07
2.038018152814844055e-07
2.047874613042459205e-07
2.057747344339375357e-07
2.067635878406133062e-07
2.077539826548541777e-07
2.087458848489130011e-07
2.097392650492898577e-07
2.107340974206906599e-07
2.117303577532403557e-07
2.127280222801116759e-07
2.137270681851247156e-07
2.147274712221788884e-07
2.157292062675804528e-07
2.167322470064602218e-07
2.177365653264359859e-07
2.187421317052627793e-07
2.197489171967702614e-07
2.207568939606454550e-07
2.217660344041468084e-07
2.227763127201615757e-07
2.237877060535798739e-07
2.248001945174238569e-07
2.258137606060872149e-07
2.268283907630459081e-07
2.278440735605706516e-07
2.288607993766141277e-07
2.298785603804607387e-07
2.308973505967913884e-07
2.319171650745210201e-07
2.329379985252627963e-07
2.339598446367999009e-07
2.349826969193894559e-07
2.360065473377364427e-07
2.370313869491384783e-07
2.380572060298151411e-07
2.390839936116857691e-07
2.401117364715350840e-07
2.411404210788772888e-07
2.421700336932644037e-07
2.432005628396399720e-07
2.442320027621612718e-07
2.452643471897123579e-07
2.462975869653823031e-07
2.473317126200204362e-07
2.483667163405070780e-07
2.494025914996950950e-07
2.504393334914701951e-07
2.514769393179205682e-07
2.525154072292920329e-07
2.535547373273347925e-07
2.545949316372795305e-07
2.556359932007699444e-07
2.566779264988936578e-07
2.577207374801628418e-07
2.587644330984669540e-07
2.598090198125830420e-07
2.608545041627380475e-07
2.619008924410328394e-07
2.629481912394085796e-07
2.639964070638978604e-07
2.650455459641549924e-07
2.660956131802212960e-07
2.671466140091140804e-07
2.681985531445157568e-07
2.692514348266513421e-07
2.703052635089375347e-07
2.713600435282650808e-07
2.724157800629467687e-07
2.734724777945649854e-07
2.745301417540974907e-07
2.755887767228381724e-07
2.766483890058032990e-07
2.777089850423582522e-07
2.787705723535121762e-07
2.798331590570510136e-07
2.808967541987312522e-07
2.819613673027545634e-07
2.830270089178335326e-07
2.840936907301441374e-07
2.851614242525979017e-07
2.862302214059076616e-07
2.873000941078564195e-07
2.883710543081938304e-07
2.894431137657317532e-07
2.905162855195776402e-07
2.915905819959188623e-07
2.926660154780685021e-07
2.937425979721722507e-07
2.948203418137567369e-07
2.958992589160178030e-07
2.969793620555384861e-07
2.980606639361554045e-07
2.991431767065184900e-07
3.002269122864397594e-07
3.013118831789526417e-07
3.023981022666615940e-07
3.034855838528075858e-07
3.045743437684588474e-07
3.056643972272669476e-07
3.067557597480034104e-07
3.078484482875102217e-07
3.089424801968145726e-07
3.100378742409685447e-07
3.111346508716505709e-07
3.122328309320172777e-07
3.133324353477963397e-07
3.144334854839189023e-07
3.155360031428482270e-07
3.166400101022715439e-07
3.177455296988969208e-07
3.188525857983632611e-07
3.199612012728700527e-07
3.210713984453352926e-07
3.221831994294815454e-07
3.232966261849285539e-07
3.244117012345177019e-07
3.255284482463994083e-07
3.266468899897747486e-07
3.277670483995840489e-07
3.288889454588113441e-07
3.300126028023860431e-07
3.311380422741740073e-07
3.322652868365828333e-07
3.333943586149549483e-07
3.345252792789590175e-07
3.356580706583760679e-07
3.367927544728170449e-07
3.379293528714767177e-07
3.390678888086565246e-07
3.402083861504227501e-07
3.413508680660555416e-07
3.424953580742486307e-07
3.436418797480165018e-07
3.447904566241558335e-07
3.459411131739555801e-07
3.470938747140830700e-07
3.482487664634848171e-07
3.494058138635620628e-07
3.505650422773470250e-07
3.517264770940874857e-07
3.528901446714205428e-07
3.540560719346881752e-07
3.552242860127404974e-07
3.563948144421082344e-07
3.575676843816355197e-07
3.587429230833425465e-07
3.599205586235243737e-07
3.611006198053129677e-07
3.622831364328980311e-07
3.634681389330863929e-07
3.646556568770585737e-07
3.658457199003138530e-07
3.670383577446622977e-07
3.682336010274877500e-07
3.694314809539260851e-07
3.706320290157260988e-07
3.718352765995094748e-07
3.730412551513946558e-07
3.742499963532580469e-07
3.754615316740472168e-07
3.766758933082745572e-07
3.778931139282944500e-07
3.791132262730720011e-07
3.803362629117018177e-07
3.815622563577414681e-07
3.827912391373936639e-07
3.840232440562429170e-07
3.852583047153408030e-07
3.864964542975078037e-07
3.877377255607065976e-07
3.889821519229287939e-07
3.902297653723673986e-07
3.914805978545588389e-07
3.927346813753384408e-07
3.939920479545372674e-07
3.952527291010407027e-07
3.965167561698149036e-07
3.977841591813227066e-07
3.990549673174877298e-07
4.003292099572502257e-07
4.016069168423622394e-07
4.028881174110435711e-07
4.041728403898397977e-07
4.054611136770385630e-07
4.067529643356341761e-07
4.080484200023100610e-07
4.093475097078454885e-07
4.106502608207786098e-07
4.119567020005723744e-07
4.132668593741562991e-07
4.145807604348649695e-07
4.158984327593829721e-07
4.172199043108629931e-07
4.185452035586342845e-07
4.198743584008366303e-07
4.212073967839674548e-07
4.225443461284665881e-07
4.238852337243543978e-07
4.252300870824870873e-07
4.265789347638111097e-07
4.279318045821017676e-07
4.292887234558412373e-07
4.306497177516839182e-07
4.320148135934156169e-07
4.333840366892418890e-07
4.347574138814631384e-07
4.361349714086487241e-07
4.375167342867176093e-07
4.389027270259090290e-07
4.402929737252312691e-07
4.416874982764511289e-07
4.430863247304142835e-07
4.444894770595558796e-07
4.458969780430676933e-07
4.473088500588650416e-07
4.487251148224935884e-07
4.501457936266431037e-07
4.515709076325864075e-07
4.530004780986585133e-07
4.544345252295428879e-07
4.558730686974680289e-07
4.573161273344865357e-07
4.587637191471219508e-07
4.602158619332695256e-07
4.616725731169909668e-07
4.631338691978817173e-07
4.645997654783845803e-07
4.660702762560379817e-07
4.675454151105613763e-07
4.690251947753093688e-07
4.705096278339288903e-07
4.719987259888158585e-07
4.734924998220571742e-07
4.749909596555406403e-07
4.764941151365620915e-07
4.780019752347781402e-07
4.795145488859829807e-07
4.810318452435988762e-07
4.825538727432538418e-07
4.840806398556282334e-07
4.856121547835906002e-07
4.871484253469450878e-07
4.886894597149429900e-07
4.902352665978416850e-07
4.917858545769877598e-07
4.933412320848936304e-07
4.949014074136439205e-07
4.964663886472179525e-07
4.980361837204388993e-07
4.996108009878937342e-07
5.011902490189139875e-07
5.027745356422285676e-07
5.043636682488174263e-07
5.059576538624561684e-07
5.075564989868582631e-07
5.091602103002347542e-07
5.107687943489351496e-07
5.123822572506891096e-07
5.140006043400669374e-07
5.156238400506137794e-07
5.172519678866809096e-07
5.188849914685693068e-07
5.205229142711815561e-07
5.221657392846024067e-07
5.238134687352920535e-07
5.254661038779343551e-07
5.271236458886852747e-07
5.287860956363839876e-07
5.304534543281552523e-07
5.321257232379984548e-07
5.338029031165302643e-07
5.354849946323600552e-07
5.371719983936414960e-07
5.388639148339902341e-07
5.405607459499369356e-07
5.422624931758090770e-07
5.439691584317423641e-07
5.456807440407422307e-07
5.473972533467584862e-07
5.491186904670561862e-07
5.508450579446567256e-07
5.525763628571633824e-07
5.543126072726137679e-07
5.560537974847440010e-07
5.577999377144954405e-07
5.595510327712000355e-07
5.613070939753732930e-07
5.630681170484780489e-07
5.648341232672147380e-07
5.666051164864026689e-07
5.683810987246465040e-07
5.701620600685397617e-07
5.719480066362395365e-07
5.737389425400036487e-07
5.755348661204564382e-07
5.773357773433015410e-07
5.791416804202728562e-07
5.809525784285433548e-07
5.827684726000515195e-07
5.845893624027884499e-07
5.864152568480405750e-07
5.882461614394872671e-07
5.900820750964366699e-07
5.919230077766916501e-07
5.937689719035990006e-07
5.956199719183030239e-07
5.974760172749053154e-07
5.993371173737692653e-07
6.012032906825465936e-07
6.030745475808620450e-07
6.049509005069809923e-07
6.068323627601224238e-07
6.087189561232707549e-07
6.106106997547333362e-07
6.125076091148662759e-07
6.144097119859002579e-07
6.163170179855377974e-07
6.182295484363746448e-07
6.201473092326232890e-07
6.220703115774242934e-07
6.239985710739308160e-07
6.259321099476384596e-07
6.278709456301349247e-07
6.298150903626784257e-07
6.317645510160850286e-07
6.337193445110866991e-07
6.356794893472033954e-07
6.376450044373294944e-07
6.396159065023941715e-07
6.415922115973864402e-07
6.435739375126094895e-07
6.455610985067290211e-07
6.475537147823090134e-07
6.495518025102184104e-07
6.515553862628317666e-07
6.535644928004955010e-07
6.555791371328283626e-07
6.575993405346344911e-07
6.596251300046418470e-07
6.616565332842141036e-07
6.636935769996819271e-07
6.657362932697747830e-07
6.677847084972613789e-07
6.698388568309833147e-07
6.718987626450507779e-07
6.739644485445361170e-07
6.760359465444476011e-07
6.781132856460757903e-07
6.801964971884915796e-07
6.822856077514771516e-07
6.843806501632394153e-07
6.864816473880373694e-07
6.885886195642078722e-07
6.907015955801460737e-07
6.928206037717774014e-07
6.949456721708919504e-07
6.970768313839715606e-07
6.992141126066075813e-07
7.013575509313624174e-07
7.035071747500257547e-07
7.056630103647833617e-07
7.078250910231339384e-07
7.099934480223965380e-07
7.121681177378492382e-07
7.143491336895984463e-07
7.165365331791920493e-07
7.187303497654503070e-07
7.209306225482497685e-07
7.231373777132326217e-07
7.253506476421782254e-07
7.275704687494317228e-07
7.297968756301076804e-07
7.320299061099788646e-07
7.342695954159894575e-07
7.365159838443259559e-07
7.387691081242333536e-07
7.410290045756566661e-07
7.432957058917971854e-07
7.455692448439269129e-07
7.478496598950215958e-07
7.501369890885188097e-07
7.524312699516470411e-07
7.547325368701114421e-07
7.570408303297523628e-07
7.593561904929217062e-07
7.616786572090507230e-07
7.640082651668352386e-07
7.663450523330571939e-07
7.686890569427890160e-07
7.710403178077821149e-07
7.733988765327963525e-07
7.757647751428998213e-07
7.781380522687576045e-07
7.805187505759335102e-07
7.829069137658180909e-07
7.853025790753975351e-07
7.877057850083154419e-07
7.901165739536739121e-07
7.925349915657281336e-07
7.949610774928044655e-07
7.973948782064475869e-07
7.998364345036475661e-07
8.022857956506452474e-07
8.047430049996183455e-07
8.072081048422082916e-07
8.096811362675848281e-07
8.121621466909115836e-07
8.146511805739018245e-07
8.171482858344639387e-07
8.196535077550716129e-07
8.221668935978838324e-07
8.246884910711673777e-07
8.272183500207158469e-07
8.297565164860721873e-07
8.323030327403462312e-07
8.348579466958688664e-07
8.374213059502226429e-07
8.399931541578323599e-07
8.425735359445961266e-07
8.451624976063588957e-07
8.477600848878652319e-07
8.503663445983671918e-07
8.529813276159397557e-07
8.556050780298018046e-07
8.582376391692889042e-07
8.608790582156304885e-07
8.635293820421486098e-07
8.661886588920587885e-07
8.688569372545885826e-07
8.715342646162006192e-07
8.742206925875258995e-07
8.769162697499681185e-07
8.796210462363123657e-07
8.823350648449113810e-07
8.850583701806367396e-07
8.877910108188885787e-07
8.905330358861194602e-07
8.932844948638666275e-07
8.960454374481241022e-07
8.988159124419117973e-07
9.015959698159811054e-07
9.043856590205223806e-07
9.071850304094059467e-07
9.099941307069259263e-07
9.128130027463393810e-07
9.156416936603284750e-07
9.184802488921203019e-07
9.213287154418481222e-07
9.241871361240413108e-07
9.270555537957421439e-07
9.299340103716043694e-07
9.328225462169122556e-07
9.357212025019340790e-07
9.386300186672413572e-07
9.415490289110591933e-07
9.444782670871449311e-07
9.474177669485069570e-07
9.503675652312715605e-07
9.533276996359362880e-07
9.562982092912095253e-07
9.592791337248531853e-07
9.622705145110516759e-07
9.652723961896431825e-07
9.682848273936577408e-07
9.713078544289548795e-07
9.743415283532997839e-07
9.773859041455065593e-07
9.804410397337830212e-07
9.835069956339771108e-07
9.865838348475045546e-07
9.896716218065323823e-07
9.927704231386343203e-07
9.958803056703849565e-07
9.990013380263224704e-07
1.002133587276482436e-06
1.005277115489988896e-06
1.008431983733936927e-06
1.011598251006045579e-06
1.014775975935308176e-06
1.017965214156781622e-06
1.021166018256435240e-06
1.024378437958129484e-06
1.027602520370803654e-06
1.030838309632887022e-06
1.034085848617616923e-06
1.037345177566983191e-06
1.040616332613924602e-06
1.043899348349276406e-06
1.047194260746178048e-06
1.050501105979534127e-06
1.053819920690760898e-06
1.057150741140398624e-06
1.060493604719739075e-06
1.063848550332578826e-06
1.067215619320899848e-06
