1.107170761047491723e-07
1.107160803332765705e-07
1.107148932428345966e-07
1.107135971400872870e-07
1.107122324528246079e-07
1.107106228198772130e-07
1.107083612469107001e-07
1.107049687959430440e-07
1.107000590314521143e-07
1.106934782043936402e-07
1.106852425927110857e-07
1.106754116216362876e-07
1.106640524768326259e-07
1.106509998953706549e-07
1.106360444413158648e-07
1.106186674732546743e-07
1.105988255225291695e-07
1.105761295677847416e-07
1.105503967141399640e-07
1.105214793610528541e-07
1.104891678925532799e-07
1.104534800764012309e-07
1.104143691359292802e-07
1.103718181268016053e-07
1.103258707094574685e-07
1.102765325520172465e-07
1.102240875766450018e-07
1.101684259734250768e-07
1.101097413011559186e-07
1.100484120386473931e-07
1.099845067483214182e-07
1.099181708561277252e-07
1.098500264921811558e-07
1.097799248616862962e-07
1.097084735605893677e-07
1.096363401603589465e-07
1.095633669739637633e-07
1.094901034149928070e-07
1.094169466921673019e-07
1.093441906857178425e-07
1.092724765941239376e-07
1.092019975049976051e-07
1.091333389303226867e-07
1.090669415784215720e-07
1.090028349076753646e-07
1.089421370742046963e-07
1.088846318010756759e-07
1.088305190763987909e-07
1.087802178744190229e-07
1.087345559249275274e-07
1.086931726647993089e-07
1.086569139294832470e-07
1.086255270126672727e-07
1.085991195235042000e-07
1.085777829513982436e-07
1.085619353233156974e-07
1.085513194718860480e-07
1.085450719679937020e-07
1.085450802925014234e-07
1.085501650847741334e-07
1.085600662625937151e-07
1.085751855957350674e-07
1.085944711256652132e-07
1.086179665064796543e-07
1.086454432531582129e-07
1.086761686471737503e-07
1.087097662143194760e-07
1.087460505788471978e-07
1.087842126093413720e-07
1.088236702333625430e-07
1.088642564177540987e-07
1.089051523321298940e-07
1.089456962868530783e-07
1.089856317415569293e-07
1.090237221101995768e-07
1.090592601338425091e-07
1.090918351300210980e-07
1.091212538373274116e-07
1.091461192992311291e-07
1.091662993516125074e-07
1.091811863447376348e-07
1.091897578767704929e-07
1.091916419183884692e-07
1.091865088954584286e-07
1.091732392738040894e-07
1.091514875863366826e-07
1.091212167565987906e-07
1.090812253734224602e-07
1.090314478330098525e-07
1.089716052333930211e-07
1.089007876655027737e-07
1.088193079141675661e-07
1.087264055521506594e-07
1.086215511881798478e-07
1.085041131994625242e-07
1.083754464900202787e-07
1.082342828882763766e-07
1.080803201629739782e-07
1.079145112876375097e-07
1.077358726260314948e-07
1.075443430070608933e-07
1.073410113438179078e-07
1.071245718294210084e-07
1.068953926296321586e-07
1.066543972173718757e-07
1.064006843325861826e-07
1.061346237629259366e-07
1.058571694398816503e-07
1.055675613856193776e-07
1.052661886247926163e-07
1.049540693994353403e-07
1.046305765647784110e-07
1.042961460019775406e-07
1.039516027091683714e-07
1.035967105620136841e-07
1.032316935124381303e-07
1.028574262516867902e-07
1.024740793130705543e-07
1.020815717852987171e-07
1.016809830277334207e-07
1.012725233082205192e-07
1.008561400802489386e-07
1.004328508431247722e-07
1.000029037568420481e-07
9.956628742741756509e-08
9.912401796348419178e-08
9.867638144074208834e-08
9.822333758819463106e-08
9.776581111997756431e-08
9.730440020579155552e-08
9.683887107372453644e-08
9.637051031961994748e-08
9.589929797411779625e-08
9.542536924632551673e-08
9.494921857813310888e-08
9.447231297905705515e-08
9.399416623146748360e-08
9.351494386428112446e-08
9.303666804495554702e-08
9.255864179240490386e-08
9.208111335973619179e-08
9.160594536963895003e-08
9.113250330253949246e-08
9.066149308867101739e-08
9.019398345386020942e-08
8.972963140975989917e-08
8.926918205858852974e-08
8.881366038268956618e-08
8.836247512296235344e-08
8.791633993124713680e-08
8.747644847624949490e-08
8.704140396468616551e-08
8.661189969382312247e-08
8.618921703537197485e-08
8.577222311122369477e-08
8.536094746631716640e-08
8.495596185057441914e-08
8.455679764780398097e-08
8.416353394306796635e-08
8.377742017316443581e-08
8.339839420340211445e-08
8.302662444075198492e-08
8.266362841382361633e-08
8.230944426792586039e-08
8.196427175369384289e-08
8.162940035794350176e-08
8.130489227494762701e-08
8.099087391419625724e-08
8.068849379071269687e-08
8.039783235108111679e-08
8.011886300332437631e-08
7.985256341640565528e-08
7.959943120738643377e-08
7.935894596048632868e-08
7.913292751749359906e-08
7.891918557228711988e-08
7.871937206076171438e-08
7.852861180075882897e-08
7.836742961422514495e-08
7.819318675458949575e-08
7.802789451546952493e-08
7.787364308577976944e-08
7.773137579035418107e-08
7.760039996738927305e-08
7.748204715543275969e-08
7.737555643764897506e-08
7.728082083691848496e-08
7.719670129276196987e-08
7.712117731522873732e-08
7.705277459849120216e-08
7.699021566466548539e-08
7.693175635241687735e-08
7.687614165522217910e-08
7.682232348858592019e-08
7.676894459748233646e-08
7.671514714201218034e-08
7.666021374416032395e-08
7.660299972492942638e-08
7.654267472627555736e-08
7.647882940938684692e-08
7.641021693358093085e-08
7.633614191307824827e-08
7.625699153532728399e-08
7.617117869898545636e-08
7.607866731523917887e-08
7.597865359639434324e-08
7.587001063441044597e-08
7.575267274499837055e-08
7.562771469353541215e-08
7.549731935475927238e-08
7.535843756138910101e-08
7.521680011067489346e-08
7.506570457965651898e-08
7.490680485995961043e-08
7.474221789595652626e-08
7.457799990984348847e-08
7.441403897130652368e-08
7.424600297469037715e-08
7.407688110154684992e-08
7.390763016126146469e-08
7.373540947056473953e-08
7.355908371625434288e-08
7.337884074481338186e-08
7.319503086633806320e-08
7.300805552540491741e-08
7.281841841559878504e-08
7.262679263476202288e-08
7.243387544534726073e-08
7.224041295839757278e-08
7.204715041895923591e-08
7.185472777335993348e-08
7.166383758417851000e-08
7.147504255252041530e-08
7.128870208268465798e-08
7.110525897485760072e-08
7.092503778070096008e-08
7.074835188267152302e-08
7.057546245714061448e-08
7.040684124866182982e-08
7.024263856009504338e-08
7.008318642909535623e-08
6.992888558835274802e-08
6.978042948362145636e-08
6.963821552886410896e-08
6.950263733846510509e-08
6.937402593800398905e-08
6.925273317423569871e-08
6.913911671220870646e-08
6.903354801739753674e-08
6.893636703346359552e-08
6.884790227268687579e-08
6.876845986859104236e-08
6.869833132361928099e-08
6.863780089273921371e-08
6.858708602640979737e-08
6.854647951835593468e-08
6.851615498245890984e-08
6.849643330542809238e-08
6.848753373802504557e-08
6.848972605640282400e-08
6.850290139388493137e-08
6.852681204285332421e-08
6.856095713210946941e-08
6.860515910891997227e-08
6.865930281857911529e-08
6.872334060801159370e-08
6.879754275375971524e-08
6.888228324004998614e-08
6.897777746949853965e-08
6.908401764951035035e-08
6.920088802115013751e-08
6.932813033238366172e-08
6.946544527926560455e-08
6.961252411370236419e-08
6.976909582461634746e-08
6.993484340277625994e-08
7.010947418682249497e-08
7.029272767586465684e-08
7.048428810552659077e-08
7.068387304865383923e-08
7.089121409547180131e-08
7.110604716584554384e-08
7.132814399314121169e-08
7.155728887425652921e-08
7.179330203081733175e-08
7.203604214988401936e-08
7.228543306225386186e-08
7.254145697064414518e-08
7.280416424538194482e-08
7.307367112542921529e-08
7.335015159965056620e-08
7.363378065621685111e-08
7.392453754713926124e-08
7.422236215137982656e-08
7.453516333710300059e-08
7.485901980373047723e-08
7.518865807869427358e-08
7.552365026524436663e-08
7.586355426557927311e-08
7.620784980876757018e-08
7.655607504332214347e-08
7.690784103615287013e-08
7.726279576029073096e-08
7.762067631492161537e-08
7.798123778571608799e-08
7.834429201507188296e-08
7.870969372640288850e-08
7.907729576085261106e-08
7.944700693030462914e-08
7.981874933567816204e-08
8.019244722879131622e-08
8.056805745046589111e-08
8.094553748751362808e-08
8.132484620384980039e-08
8.170596629146393090e-08
8.208887125110581232e-08
8.247354711938092853e-08
8.285999842312482165e-08
8.324821225013043750e-08
8.363819742390213584e-08
8.402997203757237948e-08
8.442353922601017239e-08
8.481892661940723853e-08
8.521617165793953710e-08
8.561529726275596774e-08
8.601634039041849903e-08
8.641934790513197197e-08
8.682435624222317116e-08
8.723141073715259117e-08
8.764056833837251499e-08
8.805188287565541678e-08
8.846541239855247114e-08
8.888122838059078293e-08
8.929939686019657208e-08
8.971998847437785885e-08
9.014308685148502807e-08
9.056876938392920204e-08
9.099711034459296726e-08
9.142819578905691274e-08
9.186211199493618716e-08
9.229893597055888601e-08
9.273875226496379860e-08
9.318164798608016544e-08
9.362770475926742457e-08
9.407700772800102335e-08
9.452964487900062492e-08
9.498570460976394348e-08
9.544526817307799892e-08
9.590842122297232384e-08
9.637524966385069474e-08
9.684583590661510043e-08
9.732026205077492489e-08
9.779861148815213461e-08
9.828096741252087868e-08
9.876740928033913448e-08
9.925801492828626254e-08
9.975286203991161904e-08
1.002520284779489141e-07
1.007555886023776383e-07
1.012636173194675814e-07
1.017761905070499880e-07
1.022933837468351182e-07
1.028152718512519802e-07
1.033419312350034159e-07
1.038734421171175731e-07
1.044098858031042565e-07
1.049513457638280062e-07
1.054979079114186906e-07
1.060496575260651378e-07
1.066066859734961758e-07
1.071690867063511171e-07
1.077369555441628730e-07
1.083103904604703311e-07
1.088894909517908923e-07
1.094743595123777043e-07
1.100651005737157890e-07
1.106618207951135970e-07
1.112646254498694556e-07
1.118736203265476896e-07
1.124889128069580788e-07
1.131106067401648249e-07
1.137388017827924363e-07
1.143735914112227046e-07
1.150150645741820969e-07
1.156633010492638877e-07
1.163183707664010638e-07
1.169803351956207407e-07
1.176492530837223129e-07
1.183251785835851663e-07
1.190081650664095459e-07
1.196982665828180159e-07
1.203955473608242691e-07
1.211000778849384199e-07
1.218119327592434059e-07
1.225311913093293436e-07
1.232579403726646637e-07
1.239922659241693505e-07
1.247342502309392358e-07
1.254839802076037461e-07
1.262415493657383760e-07
1.270070590139090711e-07
1.277806208537351178e-07
1.285623754189736445e-07
1.293524931114113759e-07
1.301511578590425500e-07
1.309586640609918518e-07
1.317755385420922121e-07
1.326018822707685678e-07
1.334371456899039703e-07
1.342867556050936573e-07
1.351497057848402722e-07
1.360223422025194054e-07
1.369056355039179738e-07
1.377983524835943572e-07
1.386993929851839243e-07
1.396081536545906492e-07
1.405240486233654639e-07
1.414464846216609755e-07
1.423749016547202982e-07
1.433087730987598066e-07
1.442476160856872483e-07
1.451909910665724619e-07
1.461385018803982887e-07
1.470897912603601255e-07
1.480445391675669085e-07
1.490024572774952362e-07
1.499632832513558609e-07
1.509267774120167015e-07
1.518927158592187544e-07
1.528608897369171313e-07
1.538311007940670390e-07
1.548031596889979680e-07
1.557768837677324571e-07
1.567520958301104203e-07
1.577286250311900679e-07
1.587063059939891003e-07
1.596849782264339989e-07
1.606644895434250936e-07
1.616446931729682445e-07
1.626254488396235523e-07
1.636066277765105068e-07
1.645881135974127653e-07
1.655698016054385695e-07
1.665516036691425922e-07
1.675334498074051821e-07
1.685152885093917274e-07
1.694970858645535223e-07
1.704788230830004613e-07
1.714604934150355461e-07
1.724421000826947897e-07
1.734236483280037931e-07
1.744051421847024076e-07
1.753865806803046157e-07
1.763679488649664659e-07
1.773492161160601085e-07
1.783303317304702212e-07
1.793112210399471766e-07
1.802917877501726177e-07
1.812719154376798898e-07
1.822514703048241484e-07
1.832303028827802429e-07
1.842082529376270568e-07
1.851851533555709310e-07
1.861608338026174759e-07
1.871351267897625301e-07
1.881078722625680821e-07
1.890789215166772334e-07
1.900481417096779430e-07
1.910154185094192739e-07
1.919806591067527907e-07
1.929437932273696635e-07
1.939047764295068722e-07
1.948635896609965154e-07
1.958202388719671411e-07
1.967747558642091060e-07
1.977271949556574020e-07
1.986776298260027387e-07
1.996261498355668225e-07
2.005728572731133756e-07
2.015178610359236371e-07
2.024612726276170656e-07
2.034032007733091013e-07
2.043437469223656472e-07
2.052830000287292657e-07
2.062210343907958771e-07
2.071579063770962997e-07
2.080936536507975113e-07
2.090282942192801460e-07
2.099618274039502959e-07
2.108942346921633068e-07
2.118254833285514651e-07
2.127555263958855216e-07
2.136843069803051851e-07
2.146117625934326062e-07
2.155378257610773222e-07
2.164624277176703004e-07
2.173855029634224263e-07
2.183069900629488292e-07
2.192268313659436217e-07
2.201449788044924544e-07
2.210613930172749387e-07
2.219760409138017898e-07
2.228889001832145891e-07
2.237999585217343763e-07
2.247092098608091385e-07
2.256166543051415713e-07
2.265222974690053065e-07
2.274261451771787365e-07
2.283282035876385569e-07
2.292284779502991836e-07
2.301269711498871459e-07
2.310236801573895959e-07
2.319185988458923889e-07
2.328117167829981392e-07
2.337030189159547186e-07
2.345924859460109702e-07
2.354800957641675706e-07
2.363658249279103635e-07
2.372496516350535702e-07
2.381315567188353662e-07
2.390115235120605200e-07
2.398895400777554921e-07
2.407656005028807393e-07
2.416397049448529410e-07
2.425118592828468395e-07
2.433820757762637243e-07
2.442503731021768531e-07
2.451167756128135290e-07
2.459813113617070243e-07
2.468440124892217728e-07
2.477049136310069438e-07
2.485640517262297183e-07
2.494214636813980690e-07
2.502771873348770185e-07
2.511312597697163229e-07
2.519837170510020714e-07
2.528345936586488557e-07
2.536839242370974120e-07
2.545317421912076918e-07
2.553780790631616794e-07
2.562229657963613283e-07
2.570664330555535984e-07
2.579085109876018826e-07
2.587492299368254475e-07
2.595886218953687609e-07
2.604267178770072321e-07
2.612635465629581049e-07
2.620991392951713395e-07
2.629335317268260381e-07
2.637667616278265796e-07
2.645988698872864944e-07
2.654298999472854568e-07
2.662598970662797460e-07
2.670889081078816109e-07
2.679169825318115322e-07
2.687441711509187710e-07
2.695705264377700265e-07
2.703961034335909093e-07
2.712209588895643744e-07
2.720451501203907912e-07
2.728687358413823355e-07
2.736917752793955557e-07
2.745143295703528325e-07
2.753364611778652219e-07
2.761582342490011163e-07
2.769797133605367157e-07
2.778009631020004606e-07
2.786220479779299813e-07
2.794430331651418946e-07
2.802639850945809158e-07
2.810849708695312035e-07
2.819060579348624337e-07
2.827273132535264753e-07
2.835488027285256428e-07
2.843705920898809174e-07
2.851927474867002480e-07
2.860153362101429302e-07
2.868384267008592547e-07
2.876620870209412186e-07
2.884863849498120540e-07
2.893113880292583646e-07
2.901371648092855182e-07
2.909637846619027475e-07
2.917913183535154052e-07
2.926198372221409815e-07
2.934494116531332931e-07
2.942801114186685775e-07
2.951120067999334398e-07
2.959451680637383240e-07
2.967796662194414550e-07
2.976155732096363887e-07
2.984529599527803149e-07
2.992918959766097385e-07
3.001324494616864430e-07
3.009746878087460882e-07
3.018186784342297538e-07
3.026644899837866978e-07
3.035121906950694654e-07
3.043618465425903336e-07
3.052135223630951079e-07
3.060672824657180647e-07
3.069231901289932471e-07
3.077813095060669324e-07
3.086417045471303743e-07
3.095044371657442972e-07
3.103695672685748347e-07
3.112371537426843334e-07
3.121072539565217443e-07
3.129799249495068639e-07
3.138552245300955247e-07
3.147332083746981037e-07
3.156139299914640988e-07
3.164974419543565646e-07
3.173837954885326605e-07
3.182730403960697673e-07
3.191652267271452394e-07
3.200604037194171119e-07
3.209586171781376952e-07
3.218599118324566679e-07
3.227643311832445143e-07
3.236719167403790596e-07
3.245827098386155494e-07
3.254967512647617102e-07
3.264140780945005465e-07
3.273347262772788273e-07
3.282587301208421156e-07
3.291861221322851716e-07
3.301169341147291199e-07
3.310511973084201983e-07
3.319889403891687217e-07
3.329301897216990716e-07
3.338749698882058261e-07
3.348233031287166029e-07
3.357752101548667873e-07
3.367307104083191736e-07
3.376898212791312250e-07
3.386525578904114528e-07
3.396189333068932853e-07
3.405889584264176540e-07
3.415626423470418370e-07
3.425399929129422943e-07
3.435210159993820112e-07
3.445057153697334017e-07
3.454940930853782507e-07
3.464861496958946161e-07
3.474818840699355304e-07
3.484812940930747760e-07
3.494843756510826928e-07
3.504911239123468185e-07
3.515015329041199400e-07
3.525155956100572606e-07
3.535333036559624651e-07
3.545546479437990275e-07
3.555796174983423041e-07
3.566082004619815602e-07
3.576403846975984765e-07
3.586761569820026299e-07
3.597155031641493606e-07
3.607584076572480694e-07
3.618048529941869178e-07
3.628548216083850819e-07
3.639082957039038510e-07
3.649652552292674778e-07
3.660256791544760439e-07
3.670895445174647364e-07
3.681568264848681915e-07
3.692274996710685344e-07
3.703015387960942332e-07
3.713789168637548263e-07
3.724596060176571841e-07
3.735435770700249554e-07
3.746307994078635696e-07
3.757212423448065037e-07
3.768148755020602501e-07
3.779116675651133692e-07
3.790115870889702663e-07
3.801146023123442446e-07
3.812206810752693101e-07
3.823297917619277810e-07
3.834419034158705906e-07
3.845569854876905672e-07
3.856750080045187554e-07
3.867959418595455190e-07
3.879197579102615885e-07
3.890464277819254576e-07
3.901759246087696217e-07
3.913082225393111553e-07
3.924432967233764907e-07
3.935811228174908748e-07
3.947216775517488167e-07
3.958649377007913999e-07
3.970108826363983553e-07
3.981594922058821277e-07
3.993107469452197357e-07
4.004646284670245660e-07
4.016211185102360225e-07
4.027801998496911928e-07
4.039418561167905029e-07
4.051060717154847013e-07
4.062728317667605846e-07
4.074421225624574277e-07
4.086139307486892651e-07
4.097882435885865699e-07
4.109650491478889550e-07
4.121443367581308994e-07
4.133260969845300939e-07
4.145103217698577873e-07
4.156970036810794242e-07
4.168861365346710011e-07
4.180777148083727900e-07
4.192717349734087924e-07
4.204681948143314593e-07
4.216670939267944728e-07
4.228684328213482651e-07
4.240722135320263628e-07
4.252784392257741001e-07
4.264871149738925052e-07
4.276982473936416666e-07
4.289118442303041417e-07
4.301279142291918203e-07
4.313464676066287477e-07
4.325675156878086999e-07
4.337910714608520870e-07
4.350171492560881509e-07
4.362457640932899772e-07
4.374769316238959428e-07
4.387106685231093670e-07
4.399469925619079586e-07
4.411859229631684426e-07
4.424274805096848600e-07
4.436716861319110116e-07
4.449185617147154003e-07
4.461681300475200013e-07
4.474204151651762841e-07
4.486754424743924499e-07
4.499332391331752875e-07
4.511938327419881922e-07
4.524572515885067890e-07
4.537235251740195750e-07
4.549926842264365983e-07
4.562647607942141358e-07
4.575397886631901418e-07
4.588178018898440493e-07
4.600988352402593667e-07
4.613829249331313435e-07
4.626701082322048390e-07
4.639604233626530594e-07
4.652539100184398107e-07
4.665506086562276460e-07
4.678505603267655815e-07
4.691538073145796009e-07
4.704603936272502263e-07
4.717703640706449752e-07
4.730837644860081231e-07
4.744006423621679013e-07
4.757210460579060940e-07
4.770450250617257319e-07
4.783726308530556420e-07
4.797039166299306257e-07
4.810389359690397048e-07
4.823777440905375297e-07
4.837203971672590471e-07
4.850669522016555653e-07
4.864174674968214120e-07
4.877720027488648884e-07
4.891306183774639325e-07
4.904933756828494878e-07
4.918603363091260634e-07
4.932315630125395109e-07
4.946071189278322483e-07
4.959870683056031228e-07
4.973714763056694879e-07
4.987604090445716698e-07
5.001539330800784567e-07
5.015521152639133744e-07
5.029550229612578746e-07
5.043627243260409603e-07
5.057752890528158167e-07
5.071927875558457599e-07
5.086152903666865699e-07
5.100428689519789075e-07
5.114755944819401243e-07
5.129135394349285269e-07
5.143567779788076791e-07
5.158053853536209550e-07
5.172594372206518016e-07
5.187190081905461265e-07
5.201841755368678990e-07
5.216550139452301013e-07
5.231316015177500378e-07
5.246140147722424126e-07
5.261023307364649862e-07
5.275966301649967148e-07
5.290969819079036996e-07
5.306034737356118497e-07
5.321161799435697018e-07
5.336351741547955585e-07
5.351605213682570166e-07
5.366922967069589905e-07
5.382305733325356425e-07
5.397754205158628536e-07
5.413269090398082206e-07
5.428851129660785738e-07
5.444501044259104947e-07
5.460219539979064084e-07
5.476007304047202378e-07
5.491865088526226714e-07
5.507793616154414049e-07
5.523793569335200605e-07
5.539865707016101997e-07
5.556010795546815590e-07
5.572229533146162809e-07
5.588522644489418733e-07
5.604890857921913501e-07
5.621334956883968490e-07
5.637855662400822285e-07
5.654453706087608429e-07
5.671129824811291317e-07
5.687884797734824175e-07
5.704719370090743013e-07
5.721634254032155219e-07
5.738630229335888440e-07
5.755707943463056948e-07
5.772868099846197597e-07
5.790111301414777071e-07
5.807438171128833662e-07
5.824849336893969521e-07
5.842345456686875205e-07
5.859927139522211146e-07
5.877594941977371228e-07
5.895349392594315093e-07
5.913191069142714979e-07
5.931120531941029777e-07
5.949138337848710048e-07
5.967245019995133645e-07
5.985441091318877823e-07
6.003727058674878275e-07
6.022103399900066587e-07
6.040570607803706600e-07
6.059129132565572100e-07
6.077779467982329114e-07
6.096522110660384305e-07
6.115357451772721959e-07
6.134285912537515680e-07
6.153307925862604666e-07
6.172423909872418091e-07
6.191634271286949409e-07
6.210939430269093048e-07
6.230339763064085683e-07
6.249835661917161077e-07
6.269427420941604390e-07
6.289115310581150693e-07
6.308899651023169069e-07
6.328780736259582855e-07
6.348758853193248895e-07
6.368834229701979914e-07
6.389007117782799929e-07
6.409277698903437695e-07
6.429646105839057376e-07
6.450112523298565653e-07
6.470677123320456985e-07
6.491340048471434411e-07
6.512101445902524332e-07
6.532961449478707854e-07
6.553920213512393309e-07
6.574977829149790243e-07
6.596134358406596942e-07
6.617389885711432288e-07
6.638744472837895609e-07
6.660198195266145275e-07
6.681751107897185039e-07
6.703403270887058704e-07
6.725154718741377088e-07
6.747005489259959551e-07
6.768955517025256201e-07
6.791004770713790655e-07
6.813153236672560708e-07
6.835400887926177970e-07
6.857747703883836886e-07
6.880193640010144925e-07
6.902738659825832502e-07
6.925382709414276262e-07
6.948125701700210767e-07
6.970967532458958244e-07
6.993908105406302579e-07
7.016947346655903892e-07
7.040085158796884252e-07
7.063321434368302871e-07
7.086656046528650905e-07
7.110088900983945324e-07
7.133619904069726453e-07
7.157248947626603900e-07
7.180975864746652822e-07
7.204800507403028515e-07
7.228722735352501782e-07
7.252742410896255230e-07
7.276859408580938900e-07
7.301073598603261959e-07
7.325384823835428906e-07
7.349792940599644411e-07
7.374297814371305755e-07
7.398899257727309880e-07
7.423597093431655930e-07
7.448391168856971036e-07
7.473281340840535309e-07
7.498267430948182733e-07
7.523349294416378440e-07
7.548526767001734540e-07
7.573799731891037362e-07
7.599168044000569349e-07
7.624631528927610385e-07
7.650190012491251811e-07
7.675843358611335020e-07
7.701591430356822924e-07
7.727434109998196432e-07
7.753371275760598154e-07
7.779402813484150419e-07
7.805528607821633358e-07
7.831748568951889182e-07
7.858062587362860349e-07
7.884470534022528228e-07
7.910972320666118896e-07
7.937567871062116583e-07
7.964257082928609933e-07
7.991039874722638145e-07
8.017916179719312088e-07
8.044885942980250563e-07
8.071949120604113902e-07
8.099105702625114789e-07
8.126355630351901969e-07
8.153698847806703288e-07
8.181135339183655253e-07
8.208665104216965277e-07
8.236288155426449477e-07
8.264004516281332531e-07
8.291814210173305956e-07
8.319717278923832724e-07
8.347713770975304130e-07
8.375803761509061200e-07
8.403987290052595219e-07
8.432264405462040254e-07
8.460635186979749977e-07
8.489099721872581269e-07
8.517658115791127282e-07
8.546310486341089948e-07
8.575056953459934320e-07
8.603897650959032787e-07
8.632832717928582474e-07
8.661862297982880887e-07
8.690986517101743899e-07
8.720205491755515774e-07
8.749519365134272390e-07
8.778928283377202116e-07
8.808432395914613373e-07
8.838031830512932630e-07
8.867726718935052975e-07
8.897517195281204090e-07
8.927403390063441157e-07
8.957385447629955378e-07
8.987463504404941560e-07
9.017637664841702255e-07
9.047908055668757405e-07
9.078274827631047621e-07
9.108738153664024431e-07
9.139298228872752921e-07
9.169955273050105747e-07
9.200709525586157588e-07
9.231561259111130955e-07
9.262510793779087479e-07
9.293558496597613564e-07
9.324704740815502246e-07
9.355949951122783889e-07
9.387294597088342663e-07
9.418739186042488209e-07
9.450284266121846390e-07
9.481930417533171581e-07
9.513678245059597484e-07
9.545528375422612305e-07
9.577481445081948873e-07
9.609538102726884292e-07
9.641698990600671179e-07
9.673964728091463884e-07
9.706335932633875029e-07
9.738813205759981868e-07
9.771397134417049094e-07
9.804088276620446663e-07
9.836887166033063539e-07
9.869794311679546309e-07
9.902810202230005262e-07
9.935935301466573348e-07
9.969170057758566603e-07
1.000251490074339614e-06
1.003597023659134901e-06
1.006953646510216481e-06
1.010321399293213692e-06
1.013700323231957999e-06
1.017090460531688601e-06
1.020491853805631671e-06
1.023904547369141333e-06
1.027328587829215117e-06
1.030764024093419355e-06
