1.107099112330576858e-07
1.107085055907635724e-07
1.107068763941296847e-07
1.107050291857584913e-07
1.107029271038317027e-07
1.107003690634794487e-07
1.106969626058408413e-07
1.106922714710354321e-07
1.106859107983753451e-07
1.106776116792447187e-07
1.106672636135413095e-07
1.106547784020474402e-07
1.106400383623230902e-07
1.106227380660738902e-07
1.106025860102794941e-07
1.105790623507086452e-07
1.105519412124666415e-07
1.105208491870891655e-07
1.104855603931416665e-07
1.104458752979086791e-07
1.104015640389688144e-07
1.103526201071051525e-07
1.102989715566845861e-07
1.102406193247937201e-07
1.101775951495285615e-07
1.101099181425339447e-07
1.100378828626028202e-07
1.099615335149500562e-07
1.098810487632327006e-07
1.097967907078712636e-07
1.097091697684194728e-07
1.096182467232719326e-07
1.095246018901431042e-07
1.094285249130199245e-07
1.093305425115583563e-07
1.092313108810672010e-07
1.091310176817567767e-07
1.090301350666573944e-07
1.089291617632806693e-07
1.088285516039061030e-07
1.087288946745687340e-07
1.086305777216885114e-07
1.085341960977631868e-07
1.084400874557902502e-07
1.083484501398278843e-07
1.082602114090963753e-07
1.081753267484516849e-07
1.080937901924466607e-07
1.080160310185215392e-07
1.079428059853405333e-07
1.078735313806911063e-07
1.078090317836996744e-07
1.077489505274666712e-07
1.076930983358116466e-07
1.076418307468196561e-07
1.075944927892946967e-07
1.075509581237869446e-07
1.075101165378903913e-07
1.074735895764395022e-07
1.074398883566212445e-07
1.074083394168970602e-07
1.073793072349227616e-07
1.073512961814282977e-07
1.073237642096157791e-07
1.072967317387518169e-07
1.072689167255216031e-07
1.072395928457055160e-07
1.072084207808439178e-07
1.071742624003610296e-07
1.071362321194124766e-07
1.070940026545108154e-07
1.070464758108428892e-07
1.069928082812019970e-07
1.069325236186249003e-07
1.068643637262272188e-07
1.067875812334912810e-07
1.067013614303634078e-07
1.066056320286064569e-07
1.064988536892571152e-07
1.063810054344227075e-07
1.062514657138115083e-07
1.061092287546609411e-07
1.059540040313455246e-07
1.057855724593853818e-07
1.056028914485978316e-07
1.054058852319736880e-07
1.051945784278599273e-07
1.049680230263799756e-07
1.047264993906395692e-07
1.044697131377874579e-07
1.041971201272581259e-07
1.039093313535361771e-07
1.036058356048020038e-07
1.032863883121501770e-07
1.029506492444641812e-07
1.026004337692245152e-07
1.022346381326785252e-07
1.018532158229236810e-07
1.014577543330777223e-07
1.010473671290030378e-07
1.006222271213718958e-07
1.001841217555954572e-07
9.973183116486828454e-08
9.926601755521423400e-08
9.878818776792805157e-08
9.829755393356897405e-08
9.779486397449592353e-08
9.728146342802353071e-08
9.675677451636986465e-08
9.622162862974370457e-08
9.567731646513472134e-08
9.512338486974526306e-08
9.456073156457211507e-08
9.399050461518545640e-08
9.341248178840979772e-08
9.282736636963427813e-08
9.223625432696799333e-08
9.163958523910671591e-08
9.103748480626182891e-08
9.043139435627947220e-08
8.982168592705027446e-08
8.920846114783531242e-08
8.859317195078477172e-08
8.797610267402991467e-08
8.735741087249225393e-08
8.673854068068249796e-08
8.611975477729161660e-08
8.550118726102831280e-08
8.488410124247041076e-08
8.426919507764384853e-08
8.365630515761716079e-08
8.304698155893110118e-08
8.244136422931938750e-08
8.183959893954696557e-08
8.124256192722801895e-08
8.065166118369285986e-08
8.006643249510677435e-08
7.948739232235721624e-08
7.891650123631034137e-08
7.835302920079040377e-08
7.779752248261838881e-08
7.725177744996099532e-08
7.671508794803612744e-08
7.618843873546248976e-08
7.567275210464246924e-08
7.516762614468218250e-08
7.467407192640805101e-08
7.419293685123841371e-08
7.372363847952290357e-08
7.326710772199638665e-08
7.282436631608444772e-08
7.239429402364147110e-08
7.197767648521922428e-08
7.157545800612994875e-08
7.118728123693331434e-08
7.081426714566519935e-08
7.045694684458941224e-08
7.011502230579080858e-08
6.978835108292981157e-08
6.947795518753476614e-08
6.918373071315439305e-08
6.890552176219513765e-08
6.864472818533234037e-08
6.840168738810424507e-08
6.817622639075959237e-08
6.796995650759533801e-08
6.778373843905027293e-08
6.761718036955479088e-08
6.747228119170049382e-08
6.735039245195619722e-08
6.725070678621511151e-08
6.717542522427515781e-08
6.712696501220685146e-08
6.710430949659376382e-08
6.710936218759267652e-08
6.714043256046109091e-08
6.721658741233292194e-08
6.733162304075690197e-08
6.748406922934483396e-08
6.765295896556782006e-08
6.784485811243832724e-08
6.805503516355965750e-08
6.828332648150889678e-08
6.852593859920656630e-08
6.877969936411903379e-08
6.904069786354704767e-08
6.930496729709305774e-08
6.956862269644566740e-08
6.982858114132096041e-08
7.008272055011029532e-08
7.032948969968410923e-08
7.056778028407298285e-08
7.079689494485402407e-08
7.101632798927798310e-08
7.122559452191886028e-08
7.142440341625873562e-08
7.161253479680852348e-08
7.178966599252905264e-08
7.195548232065452586e-08
7.211003782035207486e-08
7.225290654426092266e-08
7.238398325620790477e-08
7.250372826424854223e-08
7.261160741513273252e-08
7.270795448012938662e-08
7.279242970329945200e-08
7.286447365937388809e-08
7.292468691782753617e-08
7.297384465132744600e-08
7.301409955625727954e-08
7.304317404272857392e-08
7.306543559982184450e-08
7.307603914489669309e-08
7.307698660089691412e-08
7.306892303481636547e-08
7.305177916138587926e-08
7.302727287545122365e-08
7.299631865603120261e-08
7.295990575958522509e-08
7.291909738724731741e-08
7.287496962903472703e-08
7.282857268478744474e-08
7.278105065490887237e-08
7.273355775569958393e-08
7.268719078488416328e-08
7.264302740703782092e-08
7.260212326792029321e-08
7.256538584963755562e-08
7.253367688312263437e-08
7.250783292657682124e-08
7.248856054514748010e-08
7.247652186184922500e-08
7.247204903467021769e-08
7.247558901893945615e-08
7.248759008806434990e-08
7.250829528532909786e-08
7.253796028968550413e-08
7.257668395563635211e-08
7.262463317429190058e-08
7.268193010107043242e-08
7.274865167469263576e-08
7.282486734604154557e-08
7.291065181905023591e-08
7.300586845819260919e-08
7.311023561612386758e-08
7.322327978408616979e-08
7.334450834468470672e-08
7.347340734504484620e-08
7.360944794308456552e-08
7.375206408681754667e-08
7.390067583967649929e-08
7.405467231622573351e-08
7.421341473511833247e-08
7.437624642175976311e-08
7.454246764244564507e-08
7.471138869293633709e-08
7.488225531992338499e-08
7.505438506328386825e-08
7.522703131373975546e-08
7.539951798275023894e-08
7.557119590471611743e-08
7.574153518659435525e-08
7.591008518665960512e-08
7.607644671373779663e-08
7.624035481339906898e-08
7.640161304906244841e-08
7.656021428006375524e-08
7.671624390303028702e-08
7.687013538425417989e-08
7.702255238007678964e-08
7.717376402484209092e-08
7.732330629243171459e-08
7.747070061728369391e-08
7.761598132380393594e-08
7.775939586796386445e-08
7.790053290025266286e-08
7.803850939549714702e-08
7.817263648487706006e-08
7.830254257076253980e-08
7.842817595794544523e-08
7.854958946558730636e-08
7.866693946731326773e-08
7.878041096852374283e-08
7.889022710270470683e-08
7.899664771340511474e-08
7.909994054574968824e-08
7.920041642835632201e-08
7.929839075349660601e-08
7.939420062860496157e-08
7.948818991187145407e-08
7.958071985000154905e-08
7.967219438410114799e-08
7.976297759995075670e-08
7.985349951449018519e-08
7.994417247391103593e-08
8.003542715688671669e-08
8.012770708284752211e-08
8.022140146157818987e-08
8.031694890672061987e-08
8.041475294340324347e-08
8.051522977503722482e-08
8.061879280146445604e-08
8.072582817040664664e-08
8.083673626743575695e-08
8.095188484195008646e-08
8.107165133259532597e-08
8.119640934424670596e-08
8.132649868917577417e-08
8.146228579563897833e-08
8.160411898170563904e-08
8.175232842257747318e-08
8.190726154893269877e-08
8.206924835074229283e-08
8.223860384960386621e-08
8.241565494525007412e-08
8.260070467803432119e-08
8.279405096799501209e-08
8.299599456552288619e-08
8.320681331099491805e-08
8.342679007127245156e-08
8.365620661452790659e-08
8.389532425889449060e-08
8.414441205489668301e-08
8.440373811057953764e-08
8.467354385240835494e-08
8.495407193269688360e-08
8.524556284211189145e-08
8.554823232137819746e-08
8.586228742065965682e-08
8.618793115844807927e-08
8.652535122229576833e-08
8.687472779349769000e-08
8.723624124380590224e-08
8.761006214383158261e-08
8.799636043305668336e-08
8.839531115505877276e-08
8.880707847828652475e-08
8.923181628045129409e-08
8.966968307544458581e-08
9.012082724319066125e-08
9.058538036147426381e-08
9.106347332059050395e-08
9.155523487073949700e-08
9.206079211686458598e-08
9.258028025804883463e-08
9.311384958610832968e-08
9.366167080396995357e-08
9.422393830732541461e-08
9.480088511957259324e-08
9.539279175772798275e-08
9.600000160620939988e-08
9.662295439094769576e-08
9.726221965526451727e-08
9.791850727187298883e-08
9.859302889941097371e-08
9.928959653171725769e-08
1.000098838588967084e-07
1.007512948224102233e-07
1.015103191125234495e-07
1.022840485271040437e-07
1.030707756963746658e-07
1.038692196884009897e-07
1.046782953086247567e-07
1.054970585630602087e-07
1.063246762951087770e-07
1.071603974861896976e-07
1.080035418766274924e-07
1.088534858881307884e-07
1.097096482022842408e-07
1.105714927046570346e-07
1.114385198067206624e-07
1.123102575215206576e-07
1.131862582351077866e-07
1.140660992748735459e-07
1.149493762314294850e-07
1.158356999132636966e-07
1.167246966053144573e-07
1.176160049612262371e-07
1.185092787578878600e-07
1.194041845628140138e-07
1.203003966302844348e-07
1.211976009561017296e-07
1.220954954709712080e-07
1.229937930170783146e-07
1.238922210018957817e-07
1.247905198758349240e-07
1.256884398553594511e-07
1.265857472192293336e-07
1.274822240848884987e-07
1.283776667674619766e-07
1.292718831544387697e-07
1.301646963418928685e-07
1.310559433817322167e-07
1.319454706259258942e-07
1.328331358324900490e-07
1.337188090036628118e-07
1.346023691029591229e-07
1.354837055725948408e-07
1.363627182379342260e-07
1.372393109028519570e-07
1.381133950619930882e-07
1.389848893021748659e-07
1.398537183045212210e-07
1.407198118477049965e-07
1.415831014753998890e-07
1.424435209420082443e-07
1.433010102793783895e-07
1.441555107732173147e-07
1.450069655396648357e-07
1.458553248721672889e-07
1.467005432066755042e-07
1.475425746598996817e-07
1.483813783755399767e-07
1.492169197670925215e-07
1.500491660653566279e-07
1.508780852612345166e-07
1.517036474772705970e-07
1.525258232806704471e-07
1.533445816752687638e-07
1.541598855411063570e-07
1.549716965250866051e-07
1.557799718040321120e-07
1.565846632093270048e-07
1.573857093918553421e-07
1.581830419985052527e-07
1.589765844635292855e-07
1.597662507078567086e-07
1.605519472862007203e-07
1.613335730678093485e-07
1.621110192158373400e-07
1.628841716018914772e-07
1.636529148646544838e-07
1.644171327787878053e-07
1.651767094251466685e-07
1.659315343685694035e-07
1.666815040683470461e-07
1.674265224217312665e-07
1.681665038453669625e-07
1.689013724877365638e-07
1.696310636176627603e-07
1.703555267346815919e-07
1.710747215743169872e-07
1.717886155083609684e-07
1.724971855448338482e-07
1.732004139299601778e-07
1.738982856518617212e-07
1.745907867471516123e-07
1.752778993145588873e-07
1.759595966597032058e-07
1.766358455190819479e-07
1.773065998052968698e-07
1.779718024094329066e-07
1.786313855119791390e-07
1.792852702717374938e-07
1.799333705294050081e-07
1.805755982625790351e-07
1.812118681099946589e-07
1.818421035570827146e-07
1.824662457982280763e-07
1.830842571928198302e-07
1.836961250222994487e-07
1.843018671656479061e-07
1.849015322499305111e-07
1.854952001299199701e-07
1.860829793790992464e-07
1.866650048833487426e-07
1.872414296396159363e-07
1.878124201628907648e-07
1.883781518126431313e-07
1.889388002090658742e-07
1.894945355938828021e-07
1.900455183187828929e-07
1.905918924423506174e-07
1.911337825139869769e-07
1.916712900493101713e-07
1.922044920646298346e-07
1.927334387265126626e-07
1.932581538407136529e-07
1.937786371395036110e-07
1.942948633919332485e-07
1.948067874710312635e-07
1.953143476157175792e-07
1.958174688042502819e-07
1.963160683425860797e-07
1.968100645396791484e-07
1.972993813461485415e-07
1.977839548311882808e-07
1.982637410516240587e-07
1.987387200729321908e-07
1.992089006201832321e-07
1.996743235334197915e-07
2.001350659708308716e-07
2.005912383415003536e-07
2.010429852698071592e-07
2.014904822020383099e-07
2.019339316117144110e-07
2.023735568212199493e-07
2.028095987234883993e-07
2.032423061445948100e-07
2.036719321293545741e-07
2.040987281326121658e-07
2.045229355548643774e-07
2.049447815236017935e-07
2.053644743787892006e-07
2.057821993930123455e-07
2.061981201659641844e-07
2.066123783790752941e-07
2.070250917974888538e-07
2.074363575869977269e-07
2.078462557438949258e-07
2.082548514423799733e-07
2.086621980767457605e-07
2.090683439002738681e-07
2.094733350528214080e-07
2.098772192591970525e-07
2.102800488654276074e-07
2.106818833751877706e-07
2.110827920818292571e-07
2.114828563166344374e-07
2.118821686050345671e-07
2.122808333053489683e-07
2.126789652539166285e-07
2.130766889771754329e-07
2.134741363096407157e-07
2.138714455004396874e-07
2.142687576354934730e-07
2.146662149819215214e-07
2.150639590875373440e-07
2.154621290830491903e-07
2.158608586360493130e-07
2.162602766844754141e-07
2.166605072888684853e-07
2.170616658031633019e-07
2.174638605334219790e-07
2.178671934630514850e-07
2.182717587964915563e-07
2.186776437226760663e-07
2.190849305176025808e-07
2.194936960901871736e-07
2.199040101974378394e-07
2.203159387501104469e-07
2.207295434796567339e-07
2.211448819568140332e-07
2.215620098981888819e-07
2.219809813686521295e-07
2.224018486625216558e-07
2.228246621403403394e-07
2.232494700864539799e-07
2.236763161662978516e-07
2.241052422403460604e-07
2.245362884198064219e-07
2.249694934261572272e-07
2.254048924950916620e-07
2.258425175611152696e-07
2.262823981155476045e-07
2.267245624202400837e-07
2.271690373262213354e-07
2.276158481778271518e-07
2.280650177639025198e-07
2.285165642837509426e-07
2.289705045293026501e-07
2.294268525027964540e-07
2.298856201971100685e-07
2.303468172148374290e-07
2.308104508791019634e-07
2.312765236339124999e-07
2.317450347367531279e-07
2.322159803578323507e-07
2.326893549137116326e-07
2.331651500044490921e-07
2.336433552534928873e-07
2.341239568547029746e-07
2.346069366799129601e-07
2.350922742116685701e-07
2.355799472216473089e-07
2.360699317998454665e-07
2.365622020226555795e-07
2.370567300924540728e-07
2.375534856801180066e-07
2.380524354648032511e-07
2.385535446379702539e-07
2.390567776820148681e-07
2.395620977508196850e-07
2.400694662089831718e-07
2.405788421877226007e-07
2.410901812650981432e-07
2.416034371206005179e-07
2.421185618244780693e-07
2.426355062574489519e-07
2.431542193333015968e-07
2.436746480097090458e-07
2.441967364050942430e-07
2.447204259022144870e-07
2.452456557510678900e-07
2.457723645896781946e-07
2.463004884199190174e-07
2.468299605257651637e-07
2.473607121181472274e-07
2.478926716255308464e-07
2.484257656785468693e-07
2.489599192104817561e-07
2.494950561634997156e-07
2.500310987716612380e-07
2.505679691645491640e-07
2.511055875542523656e-07
2.516438736540748871e-07
2.521827480028408308e-07
2.527221306669554895e-07
2.532619421970037001e-07
2.538021045053381807e-07
2.543425404844205137e-07
2.548831733154843949e-07
2.554239290015427699e-07
2.559647368752407835e-07
2.565055287044551098e-07
2.570462388878668711e-07
2.575868051181865829e-07
2.581271672107205051e-07
2.586672697305135258e-07
2.592070613193685673e-07
2.597464954868412103e-07
2.602855293640088531e-07
2.608241235988791899e-07
2.613622429869712463e-07
2.618998570271770985e-07
2.624369388057953826e-07
2.629734659750283087e-07
2.635094205756796648e-07
2.640447880873143051e-07
2.645795572747634444e-07
2.651137213934268139e-07
2.656472775909438336e-07
2.661802262458619450e-07
2.667125733060830850e-07
2.672443278054479994e-07
2.677755015047927440e-07
2.683061105617504201e-07
2.688361752310940523e-07
2.693657185331370036e-07
2.698947693402016031e-07
2.704233596670302048e-07
2.709515238462098364e-07
2.714793001635447458e-07
2.720067309029789523e-07
2.725338621607882933e-07
2.730607439152998124e-07
2.735874290101586724e-07
2.741139713406873081e-07
2.746404285455368044e-07
2.751668625150208545e-07
2.756933384430758815e-07
2.762199239960968822e-07
2.767466899317998157e-07
2.772737076808385659e-07
2.778010511117208005e-07
2.783287992861027578e-07
2.788570336011731449e-07
2.793858381178415058e-07
2.799152986545788803e-07
2.804455024881668345e-07
2.809765393878249510e-07
2.815085034781791693e-07
2.820414915391965161e-07
2.825756031437240387e-07
2.831109402642303601e-07
2.836476053024729472e-07
2.841857036098231529e-07
2.847253433828886743e-07
2.852666353288567124e-07
2.858096931212970117e-07
2.863546317126381838e-07
2.869015679312893011e-07
2.874506195684231829e-07
2.880019054516166459e-07
2.885555468317565765e-07
2.891116667790297883e-07
2.896703896384520972e-07
2.902318417603517049e-07
2.907961494822532222e-07
2.913634397570734598e-07
2.919338397560090898e-07
2.925074784694797902e-07
2.930844854646625200e-07
2.936649917482608025e-07
2.942491282933311007e-07
2.948370260727920759e-07
2.954288154232319584e-07
2.960246274265488274e-07
2.966245939984677774e-07
2.972288480573573906e-07
2.978375223071225890e-07
2.984507491599897465e-07
2.990686586595647496e-07
2.996913819251579581e-07
3.003190505298748805e-07
3.009517962985142183e-07
3.015897505951077553e-07
3.022330440802909989e-07
3.028818045970690270e-07
3.035361594544089498e-07
3.041962364901272923e-07
3.048621622770587058e-07
3.055340625592483961e-07
3.062120614481794250e-07
3.068962806835953797e-07
3.075868383312525443e-07
3.082838530375365354e-07
3.089874416627434042e-07
3.096977192320632160e-07
3.104147982782667070e-07
3.111387893798414100e-07
3.118697984125614867e-07
3.126079297562971861e-07
3.133532864596552852e-07
3.141059689408089013e-07
3.148660744902508766e-07
3.156336979312927593e-07
3.164089299977221121e-07
3.171918581111293596e-07
3.179825675972521296e-07
3.187811409095509726e-07
3.195876579891436776e-07
3.204021958241149408e-07
3.212248277442898101e-07
3.220556226113366733e-07
3.228946461789167248e-07
3.237419607124804155e-07
3.245976256177887167e-07
3.254616967329638825e-07
3.263342260184535276e-07
3.272152601300811781e-07
3.281048419305009680e-07
3.290030104743732925e-07
3.299098014213412271e-07
3.308252462376530052e-07
3.317493726582148916e-07
3.326822026001616799e-07
3.336237536361810365e-07
3.345740396539294973e-07
3.355330702652493800e-07
3.365008510459423711e-07
3.374773840767788929e-07
3.384626658970624789e-07
3.394566883314113286e-07
3.404594396240068917e-07
3.414709038297448921e-07
3.424910616260035931e-07
3.435198902678440664e-07
3.445573620289252445e-07
3.456034443412212642e-07
3.466581014279330643e-07
3.477212942097666788e-07
3.487929804699325015e-07
3.498731149663681524e-07
3.509616487246500900e-07
3.520585286125858191e-07
3.531636981833941092e-07
3.542770988691171357e-07
3.553986698935164829e-07
3.565283480059342266e-07
3.576660675455916291e-07
3.588117594673041559e-07
3.599653524778733181e-07
3.611267737482025182e-07
3.622959495348456443e-07
3.634728045821495637e-07
3.646572624226130650e-07
3.658492439645615916e-07
3.670486685868617814e-07
3.682554544898849628e-07
3.694695195336578498e-07
3.706907818813956646e-07
3.719191587558755004e-07
3.731545663942509253e-07
3.743969199748058669e-07
3.756461341803409483e-07
3.769021247633469611e-07
3.781648086200009231e-07
3.794341025565806455e-07
3.807099234584406588e-07
3.819921883160065428e-07
3.832808146258621260e-07
3.845757215752006548e-07
3.858768302586126587e-07
3.871840632601513185e-07
3.884973439956280048e-07
3.898165954886588816e-07
3.911417439095101672e-07
3.924727153060153436e-07
3.938094400841231672e-07
3.951518486868768259e-07
3.964998735520883453e-07
3.978534498256422386e-07
3.992125078672540335e-07
4.005769912084009635e-07
4.019468363962210817e-07
4.033219821660416229e-07
4.047023638770549313e-07
4.060879252608651264e-07
4.074786106920401919e-07
4.088743649158940087e-07
4.102751361008631777e-07
4.116808766414886425e-07
4.130915397497154520e-07
4.145070797512336956e-07
4.159274514963833407e-07
4.173526165935019853e-07
4.187825366293742620e-07
4.202171742853344362e-07
4.216564990624602468e-07
4.231004830324948592e-07
4.245490966461006150e-07
4.260023148498632610e-07
4.274601163711807841e-07
4.289224856335034785e-07
4.303894053785244560e-07
4.318608626523011388e-07
4.333368481138971213e-07
4.348173579257363567e-07
4.363023894375100863e-07
4.377919411722769770e-07
4.392860173110859416e-07
4.407846171770552172e-07
4.422877456848590111e-07
4.437954064709978599e-07
4.453076075529893341e-07
4.468243597651862281e-07
4.483456780263044030e-07
4.498715767676945909e-07
4.514020695782208143e-07
4.529371728600690918e-07
4.544769088340448461e-07
4.560213010306915350e-07
4.575703751882021687e-07
4.591241577802120428e-07
4.606826760001782335e-07
4.622459585454880023e-07
4.638140353532014045e-07
4.653869392565523837e-07
4.669647026908707276e-07
4.685473614553029791e-07
4.701349540296142961e-07
4.717275141224241976e-07
4.733250786723523634e-07
4.749276878523737602e-07
4.765353819787642301e-07
4.781482023303456744e-07
4.797661922760951714e-07
4.813893945004256061e-07
4.830178533064216204e-07
4.846516084767207291e-07
4.862907003885880579e-07
4.879351725891033911e-07
4.895850684826285552e-07
4.912404314410463220e-07
4.929013030457753958e-07
4.945677273370331666e-07
4.962397454989126531e-07
4.979173948750059167e-07
4.996007157542432406e-07
5.012897484654612771e-07
5.029845326334787857e-07
5.046851086697101902e-07
5.063915156272302930e-07
5.081037933796466769e-07
5.098219765125289059e-07
5.115460981312447161e-07
5.132761922173590881e-07
5.150122917898983016e-07
5.167544292908562288e-07
5.185026360782938202e-07
5.202569415934005735e-07
5.220173737497682183e-07
5.237839582207395457e-07
5.255567152820340169e-07
5.273356658386908444e-07
5.291208307401019289e-07
5.309122284697683532e-07
5.327098757698202099e-07
5.345137867877504437e-07
5.363239753730412450e-07
5.381404538840808734e-07
5.399632292335054233e-07
5.417923066536092515e-07
5.436276909358825109e-07
5.454693854563217611e-07
5.473173918862386271e-07
5.491717098029334927e-07
5.510323362767163284e-07
5.528992676273432220e-07
5.547724984198886773e-07
5.566520200603149070e-07
5.585378189469620793e-07
5.604298819690513667e-07
5.623281947690512760e-07
5.642327415169825434e-07
5.661435035749806958e-07
5.680604598147319181e-07
5.699835875348069822e-07
5.719128632709437640e-07
5.738482615943206260e-07
5.757897502582847401e-07
5.777372956591345352e-07
5.796908636906682616e-07
5.816504189538750409e-07
5.836159238886737900e-07
5.855873385262156945e-07
5.875646207543503693e-07
5.895477273007396254e-07
5.915366112586822772e-07
5.935312205645739027e-07
5.955315037310509350e-07
5.975374074369818157e-07
5.995488772326159943e-07
6.015658561102139240e-07
6.035882852226388974e-07
6.056161037859673158e-07
6.076492511394191361e-07
6.096876652069138458e-07
6.117312805263260209e-07
6.137800278784940005e-07
6.158338383372915127e-07
6.178926425768672735e-07
6.199563709690460465e-07
6.220249525661422347e-07
6.240983153055357018e-07
6.261763866371354620e-07
6.282590934618009146e-07
6.303463619537583156e-07
6.324381157273695938e-07
6.345342775638356952e-07
6.366347711150287676e-07
6.387395201986638684e-07
6.408484476648464859e-07
6.429614757556463891e-07
6.450785271336290893e-07
6.471995248541709921e-07
6.493243920504055980e-07
6.514530531609488436e-07
6.535854305165943406e-07
6.557214442892256418e-07
6.578610167272253470e-07
6.600040720400138182e-07
6.621505344062317222e-07
6.643003285758140147e-07
6.664533788177419791e-07
6.686096098537290213e-07
6.707689469964068951e-07
6.729313180098614168e-07
6.750966484036389599e-07
6.772648632714582598e-07
6.794358880048675417e-07
6.816096490585322241e-07
6.837860720257932144e-07
6.859650841033337336e-07
6.881466118469861680e-07
6.903305821766946281e-07
6.925169215931094214e-07
6.947055576982962198e-07
6.968964177704984113e-07
6.990894298574781226e-07
7.012845249228682734e-07
7.034816365122516474e-07
7.056806994217769305e-07
7.078816509280161392e-07
7.100844314108460744e-07
7.122889864799442290e-07
7.144952667819040333e-07
7.167032275073333600e-07
7.189128288223758825e-07
7.211240332684481467e-07
7.233368089805973695e-07
7.255511307726511243e-07
7.277669794012505296e-07
7.299843399143956174e-07
7.322032015871438862e-07
7.344235572510042580e-07
7.366454027575321824e-07
7.388687369889169138e-07
7.410935628685233689e-07
7.433198833277619010e-07
7.455477020317469315e-07
7.477770237519668831e-07
7.500078537143576481e-07
7.522401962096145959e-07
7.544740563860048268e-07
7.567094381162421733e-07
7.589463443818073297e-07
7.611847774119134538e-07
7.634247390928700967e-07
7.656662314935361737e-07
7.679092590983641469e-07
7.701538260571813476e-07
7.723999377105364376e-07
7.746476009246405882e-07
7.768968253362259686e-07
7.791476234847358250e-07
7.814000129613618409e-07
7.836540147786046049e-07
7.859096537943151383e-07
7.881669584136482479e-07
