1.107014439841997674e-07
1.106995207067467925e-07
1.106973491530259622e-07
1.106948750338082045e-07
1.106919934133774733e-07
1.106884594283425785e-07
1.106838688401872117e-07
1.106777730350244854e-07
1.106697299188070060e-07
1.106593435768172067e-07
1.106463593716457002e-07
1.106305710401666584e-07
1.106116762265663057e-07
1.105892692964745231e-07
1.105629619246289072e-07
1.105321725851751223e-07
1.104965132476274818e-07
1.104555590665476811e-07
1.104090409531113623e-07
1.103567153980037472e-07
1.102983172325568508e-07
1.102338180278237166e-07
1.101631276773050173e-07
1.100862361024532470e-07
1.100032135500789727e-07
1.099140637869405697e-07
1.098190999469334034e-07
1.097185447883340188e-07
1.096125402307582868e-07
1.095014759678943826e-07
1.093860180328032270e-07
1.092661691372582859e-07
1.091424946725138961e-07
1.090156585769157865e-07
1.088861007360843683e-07
1.087544473543452642e-07
1.086212371947536697e-07
1.084867982896792782e-07
1.083516766745043059e-07
1.082164360240097984e-07
1.080815838744256196e-07
1.079476513652531133e-07
1.078151154080162702e-07
1.076841787136807623e-07
1.075551968187326853e-07
1.074286285353340234e-07
1.073045970260831761e-07
1.071828216591900903e-07
1.070636388482193712e-07
1.069475807415725122e-07
1.068337717184028204e-07
1.067228783807932994e-07
1.066143576439587459e-07
1.065076610024578160e-07
1.064032233755212094e-07
1.062993270619559465e-07
1.061959088120406834e-07
1.060918223322636794e-07
1.059878323834235672e-07
1.058823668699831981e-07
1.057743290331965914e-07
1.056639821214147085e-07
1.055494446757352743e-07
1.054296003871722916e-07
1.053047644820538948e-07
1.051731906178972993e-07
1.050338722587425968e-07
1.048863815347630903e-07
1.047293821505116736e-07
1.045618357212890837e-07
1.043833481044833082e-07
1.041927328176109064e-07
1.039890760443940060e-07
1.037717938635962807e-07
1.035401016169610724e-07
1.032931856664602202e-07
1.030301762176459032e-07
1.027511477840923330e-07
1.024547807576512473e-07
1.021412776601238250e-07
1.018102585494665201e-07
1.014609818561164177e-07
1.010934516113559812e-07
1.007077709153530006e-07
1.003032216469140839e-07
9.988021206453868919e-08
9.943897487615812839e-08
9.897906523266762890e-08
9.850118107274624463e-08
9.800539091835248120e-08
9.749164653147100480e-08
9.696055367014366571e-08
9.641288854703436016e-08
9.584846018100813514e-08
9.526755027565672017e-08
9.467213249036394791e-08
9.406163142655607482e-08
9.343647826268820095e-08
9.279876483111179856e-08
9.214796271376936630e-08
9.148465176743562624e-08
9.081123152327148678e-08
9.012679732696292504e-08
8.943241629832656902e-08
8.873014649198221425e-08
8.801949179907880882e-08
8.730164242832667598e-08
8.657835524536985422e-08
8.584936650086128297e-08
8.511598569235085214e-08
8.437978016738960669e-08
8.364064616568591846e-08
8.289988594306912021e-08
8.215905608345650790e-08
8.141813586736089913e-08
8.067828829295829792e-08
7.994088680258475869e-08
7.920662541853018129e-08
7.847601783280344509e-08
7.775084180380813942e-08
7.703164326479610464e-08
7.631885090920578283e-08
7.561433624529488432e-08
7.491851481438810686e-08
7.423181808219533685e-08
7.355614136704574885e-08
7.289184685472024676e-08
7.223930063575133080e-08
7.160016679524429329e-08
7.097533239184723379e-08
7.036475108473879580e-08
6.977015495495336033e-08
6.919230308360706445e-08
6.863115690091785911e-08
6.808822805852991099e-08
6.756464972493220206e-08
6.706010762960088405e-08
6.657588789960979150e-08
6.611346154393942156e-08
6.567231577977741805e-08
6.525374548504620222e-08
6.485912891364253271e-08
6.448796486370852782e-08
6.414185571838070914e-08
6.382164325281808220e-08
6.352708317093317477e-08
6.325976847343684097e-08
6.302058123104083045e-08
6.280923251008468143e-08
6.262711041961505068e-08
6.247552553755907772e-08
6.235407610013623645e-08
6.226370708946777908e-08
6.220697946990501288e-08
6.218560195634601033e-08
6.219427117605242116e-08
6.225921926149406810e-08
6.237861937601396588e-08
6.252877777400239056e-08
6.272896532217173187e-08
6.295851173626614545e-08
6.321157225342711579e-08
6.348989528070208422e-08
6.379180087446140488e-08
6.411074428545974677e-08
6.444853822981418857e-08
6.480611030387371180e-08
6.517604870562881987e-08
6.556102439042005909e-08
6.596226340245492638e-08
6.637128728137942306e-08
6.678930722651211341e-08
6.721582579784690698e-08
6.764117236850258887e-08
6.806475447077232464e-08
6.848747363128630195e-08
6.890044978896627355e-08
6.931069953316438347e-08
6.970252889706843476e-08
7.011003031804296499e-08
7.051387078432177466e-08
7.091141868625416896e-08
7.130125388340924264e-08
7.168012301245126534e-08
7.204583557747310841e-08
7.239701110732063272e-08
7.273242555705087254e-08
7.305150858741687240e-08
7.335421076783842762e-08
7.364064309592730793e-08
7.391098929805750608e-08
7.416576112762517768e-08
7.440543409358924896e-08
7.463047304277114951e-08
7.484133581973339220e-08
7.503844379950155338e-08
7.522221209138414626e-08
7.539299240981103349e-08
7.555092328229483729e-08
7.569660686744676515e-08
7.583014802047682853e-08
7.595184384030082569e-08
7.606254301386949695e-08
7.616214372389367297e-08
7.625136029035185107e-08
7.633072506222210600e-08
7.640006604129307827e-08
7.646057506867885320e-08
7.651299351498427212e-08
7.655871682408031941e-08
7.659751604277440941e-08
7.663117299245661440e-08
7.665828449818415688e-08
7.668036948341647072e-08
7.669812618565364431e-08
7.671176771009655268e-08
7.672286693005557822e-08
7.673230871269994807e-08
7.674095228398740637e-08
7.674972965434040830e-08
7.675949679651238703e-08
7.677099193963081417e-08
7.678499139467409134e-08
7.680219727781423524e-08
7.682309770739824927e-08
7.684813659326304555e-08
7.687762409776441820e-08
7.691151452205514299e-08
7.694967485918303218e-08
7.699197834266820295e-08
7.703796649020688525e-08
7.708713228420729056e-08
7.713876438568649092e-08
7.719215551493455626e-08
7.724655439371336814e-08
7.730102590464279119e-08
7.735448901085395237e-08
7.740570098638214450e-08
7.745343541373562716e-08
7.749646079369327975e-08
7.753347839808007125e-08
7.756320829928615272e-08
7.758422590078892447e-08
7.759545250543748960e-08
7.759607860667967936e-08
7.758556819540446447e-08
7.756389996945723613e-08
7.753158965743633525e-08
7.748961751563844162e-08
7.743917377412678497e-08
7.738141236345769068e-08
7.731785316603021092e-08
7.725075253062580983e-08
7.718079243622205511e-08
7.710563353130929872e-08
7.702295345615972297e-08
7.693166005396967146e-08
7.683165023681427572e-08
7.672312604383143906e-08
7.660645643303284013e-08
7.648196190176774021e-08
7.635011529564667164e-08
7.621138149161315703e-08
7.606621042317900555e-08
7.591527108502774030e-08
7.575923825092157281e-08
7.559881809017448144e-08
7.543496653948405479e-08
7.526879260122541243e-08
7.510135682143914493e-08
7.493365876421638337e-08
7.476658289476730653e-08
7.460096867484529437e-08
7.443765146267451478e-08
7.427751501516184944e-08
7.412141612657163638e-08
7.397021621972232777e-08
7.382479291296451040e-08
7.368597428543947612e-08
7.355465427315589787e-08
7.343168594736441101e-08
7.331795577779715312e-08
7.321431961857334040e-08
7.312158470902294191e-08
7.304054613071726729e-08
7.297195870929930833e-08
7.291658111943662767e-08
7.287513496670549969e-08
7.284831397022634761e-08
7.283680378212309766e-08
7.284123445131328789e-08
7.286223816109396427e-08
7.290038394132825215e-08
7.295624635697111744e-08
7.303034103875606429e-08
7.312316803014672283e-08
7.323518532272389700e-08
7.336677888694442487e-08
7.351836016058352954e-08
7.369025374153211973e-08
7.388278746856438121e-08
7.409624749853921397e-08
7.433084140179820272e-08
7.458673108121643900e-08
7.486398671696106246e-08
7.516263046518908243e-08
7.548263296768086942e-08
7.582388956058715571e-08
7.618628897687686831e-08
7.656966510498322803e-08
7.697379435434524068e-08
7.739842343010631232e-08
7.784325202473903178e-08
7.830792997824994060e-08
7.879208447377223081e-08
7.929529019329592565e-08
7.981709388219329730e-08
8.035703161229787250e-08
8.091462314517992766e-08
8.148943061265324710e-08
8.208107110350050271e-08
8.268923567190985051e-08
8.331377948394263261e-08
8.395463484085853582e-08
8.461137160059794744e-08
8.528296766158422494e-08
8.598349660550560087e-08
8.669978997089872199e-08
8.742778471622038609e-08
8.816635171049015044e-08
8.891398329120955918e-08
8.966917431981166529e-08
9.043063294442095682e-08
9.119724528351290709e-08
9.196803820692370255e-08
9.274215368692259406e-08
9.351880866507012355e-08
9.429728704868279125e-08
9.507695405657137528e-08
9.585722497793269226e-08
9.663755272950213393e-08
9.741744495896006685e-08
9.819645235568170749e-08
9.897414972730990373e-08
9.975015121153239170e-08
1.005241034597091033e-07
1.012956765929659294e-07
1.020645655374907568e-07
1.028304961767425971e-07
1.035932157396164432e-07
1.043524910377008290e-07
1.051081164056587306e-07
1.058599081897061113e-07
1.066076997993782028e-07
1.073513359373428627e-07
1.080906775121070452e-07
1.088256002707089930e-07
1.095559912049975628e-07
1.102817471071557855e-07
1.110027732371105833e-07
1.117189882139019503e-07
1.124303132824452063e-07
1.131366737682419367e-07
1.138380013192126979e-07
1.145342362482856137e-07
1.152253222515644223e-07
1.159112060134071594e-07
1.165918331804883404e-07
1.172671473788936573e-07
1.179370968879613377e-07
1.186016308710385889e-07
1.192606991925345776e-07
1.199142506844872233e-07
1.205622328094784833e-07
1.212045935760565576e-07
1.218412796045638023e-07
1.224722359217713678e-07
1.230974058662780326e-07
1.237167350794366955e-07
1.243301697375195611e-07
1.249376517500089046e-07
1.255391213362975032e-07
1.261345183974576996e-07
1.267237887124958081e-07
1.273068783597368487e-07
1.278837312956041348e-07
1.284542881889930939e-07
1.290184926648040878e-07
1.295762887916891190e-07
1.301276193497540453e-07
1.306724268222520758e-07
1.312106523906112597e-07
1.317422383325812721e-07
1.322671210498004730e-07
1.327852351519159808e-07
1.332965138344025075e-07
1.338008889500703881e-07
1.342982881731354023e-07
1.347886351898793787e-07
1.352718492044045119e-07
1.357478451451145308e-07
1.362165336308226604e-07
1.366778245231491458e-07
1.371316227533126877e-07
1.375778288078981731e-07
1.380163420048081094e-07
1.384470655637244541e-07
1.388699012243554534e-07
1.392847530250233089e-07
1.396915328772935971e-07
1.400901605164208245e-07
1.404805595189989913e-07
1.408626663861846494e-07
1.412364288776710809e-07
1.416018059704384019e-07
1.419587666037450793e-07
1.423072950482041584e-07
1.426473881293926717e-07
1.429790564411374496e-07
1.433023215054603151e-07
1.436172184823424931e-07
1.439237973884338417e-07
1.442221204588986722e-07
1.445122600620657378e-07
1.447943022183163130e-07
1.450683462335145132e-07
1.453345015254704021e-07
1.455928875596897378e-07
1.458436327297840335e-07
1.460868722399139449e-07
1.463227473935468745e-07
1.465514047347371138e-07
1.467729924452899957e-07
1.469876593881301895e-07
1.471955529192841226e-07
1.473968184633281152e-07
1.475915967215788239e-07
1.477800232689369258e-07
1.479622260182224689e-07
1.481383267761947522e-07
1.483084415986841497e-07
1.484726769186757596e-07
1.486311284832189461e-07
1.487838850407392908e-07
1.489310260694287632e-07
1.490726192907654419e-07
1.492087268112081998e-07
1.493394044224294337e-07
1.494647013744518744e-07
1.495846679404486463e-07
1.496993568983799161e-07
1.498088300638710028e-07
1.499131627380006751e-07
1.500124496223925778e-07
1.501068126265009463e-07
1.501964050650181866e-07
1.502814170533552917e-07
1.503620789321611862e-07
1.504386632212765675e-07
1.505114827676647607e-07
1.505808890645495863e-07
1.506472691392752538e-07
1.507110380519324214e-07
1.507726316823203309e-07
1.508324963103123297e-07
1.508910769106406304e-07
1.509488075340096438e-07
1.510060975834895548e-07
1.510633234389382316e-07
1.511208173384870894e-07
1.511788605884535895e-07
1.512376776208444060e-07
1.512974313523691834e-07
1.513582232268254833e-07
1.514200928530507241e-07
1.514830227943551024e-07
1.515469441785212024e-07
1.516117457328203442e-07
1.516772831237833135e-07
1.517433902366268027e-07
1.518098909815309586e-07
1.518766127998796548e-07
1.519433944316284016e-07
1.520100968612763093e-07
1.520766146502684329e-07
1.521428797148010447e-07
1.522088662765557017e-07
1.522745935270162348e-07
1.523401247207965825e-07
1.524055609696524678e-07
1.524710392970827228e-07
1.525367279519991762e-07
1.526028184582601322e-07
1.526695200648315138e-07
1.527370486903866066e-07
1.528056210946910310e-07
1.528754452854176483e-07
1.529467123499691724e-07
1.530195906256587935e-07
1.530942229287380817e-07
1.531707225959904999e-07
1.532491679356959043e-07
1.533296053177023720e-07
1.534120477699641815e-07
1.534964744224107374e-07
1.535828364873357676e-07
1.536710618345720699e-07
1.537610578958127719e-07
1.538527173386999946e-07
1.539459225022639116e-07
1.540405483651102673e-07
1.541364654343007819e-07
1.542335468483214142e-07
1.543316702410353773e-07
1.544307186284712866e-07
1.545305826950058476e-07
1.546311586311114053e-07
1.547323504186359338e-07
1.548340673273975043e-07
1.549362259287389108e-07
1.550387492882345707e-07
1.551415661348900112e-07
1.552446092958171736e-07
1.553478139991884988e-07
1.554511187224547408e-07
1.555544621331482054e-07
1.556577857399866084e-07
1.557610325058234306e-07
1.558641466829871752e-07
1.559670719338050164e-07
1.560697539381002896e-07
1.561721377999286223e-07
1.562741674442162753e-07
1.563757868127576149e-07
1.564769415785917188e-07
1.565775765957581466e-07
1.566776369172840053e-07
1.567770665617508505e-07
1.568758084502912377e-07
1.569738063834475512e-07
1.570710131223641910e-07
1.571673940870994917e-07
1.572629175551906438e-07
1.573575321895207053e-07
1.574511515662743908e-07
1.575436792454452645e-07
1.576350791930012385e-07
1.577254553900869161e-07
1.578150116777367376e-07
1.579037910348984640e-07
1.579914570172484944e-07
1.580774916757750359e-07
1.581615676971351690e-07
1.582440228617018616e-07
1.583269515611959020e-07
1.584111547820963088e-07
1.584939226316992235e-07
1.585741124389733264e-07
1.586515800463975485e-07
1.587270922889744803e-07
1.588045355972411632e-07
1.588828775310465498e-07
1.589590209674896422e-07
1.590327071580261869e-07
1.591043575001620939e-07
1.591747624663952711e-07
1.592444495147864514e-07
1.593129660563677143e-07
1.593795283551192482e-07
1.594436591279941051e-07
1.595051548508937771e-07
1.595639492171820656e-07
1.596200424844853123e-07
1.596734708962318906e-07
1.597242917821053621e-07
1.597725766742746827e-07
1.598184046444087616e-07
1.598618615798406701e-07
1.599030368613942560e-07
1.599420261687928930e-07
1.599789321691431862e-07
1.600138631146368290e-07
1.600469321255793265e-07
1.600782562360737086e-07
1.601079578978327122e-07
1.601361623234505199e-07
1.601630013318382926e-07
1.601886124023484863e-07
1.602131381273992918e-07
1.602367255701221694e-07
1.602595269557306024e-07
1.602816973534176596e-07
1.603033967820686800e-07
1.603247905206775920e-07
1.603460477527673226e-07
1.603673427644105668e-07
1.603888527270458733e-07
1.604107589874581077e-07
1.604332462992369511e-07
1.604565047733958926e-07
1.604807267238591149e-07
1.605061099446863365e-07
1.605328546854582878e-07
1.605611654460629229e-07
1.605912504725773553e-07
1.606233232865858706e-07
1.606576022680613578e-07
1.606943105895000796e-07
1.607336770243356088e-07
1.607759344005326667e-07
1.608213216611987437e-07
1.608700836869591460e-07
1.609224734100344473e-07
1.609787547844129225e-07
1.610392009897887314e-07
1.611040939007379639e-07
1.611737267973583525e-07
1.612484081670835884e-07
1.613284651711032160e-07
1.614142487565130425e-07
1.615061403335582349e-07
1.616045573636759033e-07
1.617099640282549398e-07
1.618228940134742744e-07
1.619439802306392011e-07
1.620740022060853196e-07
1.622139776886078175e-07
1.623653212097635915e-07
1.625308499681559815e-07
1.627153914110563018e-07
1.629201223215039530e-07
1.631392632840429602e-07
1.633711600812428597e-07
1.636144861509832667e-07
1.638679425396694896e-07
1.641299750696177868e-07
1.643989668218000981e-07
1.646737175706644023e-07
1.649535440308593387e-07
1.652381089378991297e-07
1.655272649133853545e-07
1.658209684959054737e-07
1.661192411201500693e-07
1.664221463752640835e-07
1.667297774083922998e-07
1.670422495266010693e-07
1.673596930819742960e-07
1.676822494633934437e-07
1.680100690255983340e-07
1.683433116277819403e-07
1.686821441136968827e-07
1.690267381391051749e-07
1.693772679890154266e-07
1.697339087567496246e-07
1.700968344014964206e-07
1.704662197377108910e-07
1.708422396979305404e-07
1.712250666913682241e-07
1.716148696470528555e-07
1.720118126366593694e-07
1.724160531331847414e-07
1.728277433519695973e-07
1.732470290246235278e-07
1.736740480923910313e-07
1.741089306705937328e-07
1.745517974985078392e-07
1.750027598149873827e-07
1.754619177945938288e-07
1.759293617968133159e-07
1.764051716081488330e-07
1.768894166937878955e-07
1.773821562249408785e-07
1.778834384093679060e-07
1.783932995612450374e-07
1.789117660069777837e-07
1.794388543790031148e-07
1.799745711972694479e-07
1.805189158141536555e-07
1.810718782257390740e-07
1.816334391836264994e-07
1.822035712850774224e-07
1.827822398150324613e-07
1.833694031450668977e-07
1.839650149285765355e-07
1.845690233650309866e-07
1.851813697959229106e-07
1.858019895463560221e-07
1.864308131098816868e-07
1.870677671342504272e-07
1.877127754534973760e-07
1.883657579578630520e-07
1.890266286643402123e-07
1.896952950735646430e-07
1.903716596762047051e-07
1.910556193058885397e-07
1.917470654644943400e-07
1.924458813787962508e-07
1.931519404203934123e-07
1.938651053649700919e-07
1.945852286401586477e-07
1.953121526451880840e-07
1.960457097604940103e-07
1.967857225877512090e-07
1.975320036622912589e-07
1.982843555039248295e-07
1.990425719979757767e-07
1.998064413719251469e-07
2.005757485973480902e-07
2.013502759728370911e-07
2.021298061447705652e-07
2.029141222788142938e-07
2.037030109895849569e-07
2.044962650192838055e-07
2.052936863491045872e-07
2.060950866309960173e-07
2.069002879372407537e-07
2.077091226854326563e-07
2.085214345184139994e-07
2.093370793004174260e-07
2.101559253908349103e-07
2.109778525794554948e-07
2.118027517385302013e-07
2.126305236562120514e-07
2.134610788020952023e-07
2.142943372433429353e-07
2.151302285139618324e-07
2.159686905929131438e-07
2.168096691820744544e-07
2.176531168106322564e-07
2.184989921540473417e-07
2.193472601905817006e-07
2.201978925149678444e-07
2.210508665855355880e-07
2.219061645751889076e-07
2.227637726785536361e-07
2.236236808221079127e-07
2.244858835562653449e-07
2.253503790078525923e-07
2.262171684551780563e-07
2.270862556334165563e-07
2.279576463033180996e-07
2.288313476111898125e-07
2.297073695812921843e-07
2.305857229577970850e-07
2.314664197187500464e-07
2.323494716840838983e-07
2.332348915848512745e-07
2.341226912286048244e-07
2.350128832060726743e-07
2.359054795410475734e-07
2.368004913635930059e-07
2.376979289973957402e-07
2.385978016731985423e-07
2.395001176777468960e-07
2.404048830232623174e-07
2.413121027908887811e-07
2.422217796081047017e-07
2.431339145547234034e-07
2.440485069682157260e-07
2.449655544345919801e-07
2.458850518758794823e-07
2.468069923433473117e-07
2.477313664932475486e-07
2.486581619983959918e-07
2.495873642286234242e-07
2.505189572564697421e-07
2.514529216900530720e-07
2.523892352267238563e-07
2.533278731093007804e-07
2.542688074132488196e-07
2.552120072625012756e-07
2.561574403152599091e-07
2.571050705660448688e-07
2.580548589831305530e-07
2.590067634453417582e-07
2.599607397249407584e-07
2.609167402720502698e-07
2.618747152059421968e-07
2.628346118554198729e-07
2.637963745196802253e-07
2.647599451628209699e-07
2.657252629526779698e-07
2.666922640750490464e-07
2.676608829904469270e-07
2.686310517958249267e-07
2.696027004441452522e-07
2.705757558846010141e-07
2.715501435803196981e-07
2.725257860588406583e-07
2.735026059279713200e-07
2.744805222674235425e-07
2.754594534983980315e-07
2.764393171347400883e-07
2.774200254161650118e-07
2.784014960221218323e-07
2.793836406340678737e-07
2.803663700336199846e-07
2.813495908949557517e-07
2.823332142981982400e-07
2.833171513986387059e-07
2.843013118912814876e-07
2.852856050772610259e-07
2.862699406274680073e-07
2.872542264796354886e-07
2.882383704723663018e-07
2.892222799161944582e-07
2.902058655464453443e-07
2.911890358662098218e-07
2.921716983246976068e-07
2.931537630451008447e-07
2.941351403360671623e-07
2.951157385108278453e-07
2.960954683056516627e-07
2.970742427855978410e-07
2.980519768084197526e-07
2.990285824442204366e-07
3.000039732585403418e-07
3.009780634594030366e-07
3.019507699606708983e-07
3.029220105454874189e-07
3.038917027850080432e-07
3.048597663625431673e-07
3.058261174504760261e-07
3.067906735789418470e-07
3.077533513115399016e-07
3.087140690296972990e-07
3.096727477515051059e-07
3.106293102797473030e-07
3.115836784261774699e-07
3.125357732490826219e-07
3.134855174089107937e-07
3.144328365402538741e-07
3.153776573819233773e-07
3.163199091560135199e-07
3.172595223088360309e-07
3.181964262094456609e-07
3.191305505668882443e-07
3.200618273815413112e-07
3.209901911115395971e-07
3.219155770423033761e-07
3.228379233287474437e-07
3.237571696442504898e-07
3.246732537896055986e-07
3.255861168794248489e-07
3.264957047736634819e-07
3.274019649484070788e-07
3.283048461937509495e-07
3.292042996839042355e-07
3.301002791464361982e-07
3.309927419266206574e-07
3.318816460819732214e-07
3.327669518715751301e-07
3.336486231881857410e-07
3.345266269081175835e-07
3.354009329184693154e-07
3.362715148879330638e-07
3.371383508099633015e-07
3.380014206312414027e-07
3.388607049330416431e-07
3.397161887437691653e-07
3.405678617422262335e-07
3.414157179570282459e-07
3.422597554823379953e-07
3.430999753013192759e-07
3.439363826678816138e-07
3.447689828986254024e-07
3.455977849327744721e-07
3.464228030599757076e-07
3.472440558701245709e-07
3.480615642920275954e-07
3.488753528748334275e-07
3.496854485686562654e-07
3.504918824841356122e-07
3.512946883640061919e-07
3.520939021174405801e-07
3.528895625240263343e-07
3.536817115613138985e-07
3.544703937840081041e-07
3.552556559997835147e-07
3.560375471563874278e-07
3.568161206316056769e-07
3.575914328783010306e-07
3.583635394355806190e-07
3.591324979324036169e-07
3.598983688235200497e-07
3.606612143006338683e-07
3.614211001440155424e-07
3.621780936521803719e-07
3.629322631008992907e-07
3.636836775930017666e-07
3.644324076917753926e-07
3.651785243582261526e-07
3.659220978794209134e-07
3.666632014955163854e-07
3.674019092525936529e-07
3.681382958089520090e-07
3.688724346441396864e-07
3.696043987422130368e-07
3.703342628986218696e-07
3.710621027625382249e-07
3.717879938160244952e-07
3.725120065462255173e-07
3.732342111697935676e-07
3.739546784371407462e-07
3.746734786276547189e-07
3.753906826862736253e-07
3.761063588614244817e-07
3.768205742345896125e-07
3.775333937139636934e-07
3.782448810401337461e-07
3.789550951631968269e-07
3.796640963854294072e-07
3.803719421512634756e-07
3.810786885788757367e-07
3.817843889177274856e-07
3.824890952203857225e-07
3.831928570886985569e-07
3.838957242838556596e-07
3.845977445265937245e-07
3.852989615275013936e-07
3.859994157451839960e-07
3.866991463315540677e-07
3.873981913333924233e-07
3.880965900187451098e-07
3.887943778724088086e-07
3.894915879690623521e-07
3.901882529040991854e-07
3.908844043068902586e-07
3.915800707722004507e-07
3.922752786399980173e-07
3.929700518082220340e-07
3.936644124651945804e-07
3.943583819707974267e-07
3.950519794722282922e-07
3.957452222879895202e-07
3.964381266327850157e-07
3.971307064520500787e-07
3.978229738360664476e-07
3.985149403231219592e-07
3.992066174672967442e-07
3.998980106456318142e-07
4.005891247074493434e-07
4.012799643451747991e-07
4.019705319151403381e-07
4.026608280605775924e-07
4.033508520163618598e-07
4.040406012869762116e-07
4.047300715739926092e-07
4.054192585181407956e-07
4.061081543072188520e-07
4.067967480245986561e-07
4.074850268879738751e-07
4.081729770427882738e-07
4.088605813702673367e-07
4.095478223796384714e-07
4.102346796213965726e-07
4.109211301767038304e-07
4.116071498396037261e-07
4.122927132095812456e-07
4.129777927877898421e-07
4.136623596761848605e-07
4.143463859549670374e-07
4.150298433739884365e-07
4.157127035787610092e-07
4.163949390366692286e-07
4.170765236124125102e-07
4.177574336155626744e-07
4.184376483909112884e-07
4.191171487697534606e-07
4.197959189914749904e-07
4.204739450671888993e-07
4.211512161464044037e-07
4.218277246018296825e-07
4.225034656528380982e-07
4.231784363911581732e-07
4.238526362655750112e-07
4.245260661862520899e-07
4.251987283630063066e-07
4.258706253094599190e-07
4.265417594453093424e-07
4.272121318129689610e-07
4.278817430010954919e-07
4.285505932984909594e-07
4.292186818514742134e-07
4.298860045146188939e-07
4.305525546975870607e-07
4.312183240110728129e-07
4.318833022193773383e-07
4.325474774046829592e-07
4.332108370444104848e-07
4.338733680216450749e-07
4.345350571602583570e-07
4.351958917121755642e-07
4.358558604070385631e-07
4.365149543665639966e-07
4.371731679398275674e-07
4.378304995881701037e-07
4.384869515771031430e-07
4.391425311250721667e-07
4.397972506745963466e-07
4.404511279439824477e-07
