1.106916745215517673e-07
1.106890989428424230e-07
1.106862572460324276e-07
1.106830391346644694e-07
1.106792713017040418e-07
1.106746550192249704e-07
1.106687503587762264e-07
1.106610552384729033e-07
1.106510177118558838e-07
1.106381405016048706e-07
1.106220213236881281e-07
1.106023181607425298e-07
1.105785319662847635e-07
1.105501613261873676e-07
1.105166869819749659e-07
1.104774686394877671e-07
1.104319636083179570e-07
1.103796830790375323e-07
1.103203047808296483e-07
1.102535337940006140e-07
1.101790448175707964e-07
1.100967988141889981e-07
1.100066637661000563e-07
1.099086008068610729e-07
1.098027923808013106e-07
1.096891826487178865e-07
1.095681165422406244e-07
1.094399787895728052e-07
1.093048707622073390e-07
1.091632407425071029e-07
1.090159423286178301e-07
1.088629348386323911e-07
1.087047572837486108e-07
1.085424373746978526e-07
1.083762744643281143e-07
1.082068432427001489e-07
1.080349918689657352e-07
1.078608629401231432e-07
1.076849998266019806e-07
1.075080266902388378e-07
1.073302443185987316e-07
1.071523443886228945e-07
1.069744728399422827e-07
1.067967394115594980e-07
1.066195738218130416e-07
1.064427783510060306e-07
1.062666002194950882e-07
1.060904128839999844e-07
1.059143752706455837e-07
1.057386752966436208e-07
1.055620951716750526e-07
1.053850543709012728e-07
1.052067499274791203e-07
1.050263254290141985e-07
1.048436700475207351e-07
1.046570428076822339e-07
1.044659338777978314e-07
1.042694024450630541e-07
1.040669080441491954e-07
1.038571213109041749e-07
1.036386194286416716e-07
1.034115360437883716e-07
1.031738071664964979e-07
1.029238902776729382e-07
1.026624501401617058e-07
1.023875004614343166e-07
1.020979399444175784e-07
1.017934010189623305e-07
1.014725942623016666e-07
1.011345641396130181e-07
1.007790041138061490e-07
1.004049744655291520e-07
1.000117474640583338e-07
9.959891747358449257e-08
9.916624425513712445e-08
9.871310884119014037e-08
9.823911238267363651e-08
9.774461865957246935e-08
9.722887582272956013e-08
9.669245383090819810e-08
9.613550411236963618e-08
9.555783304874203860e-08
9.495997934069929750e-08
9.434260069238147787e-08
9.370558798733204638e-08
9.305002706971088576e-08
9.237657090083557597e-08
9.168552140019764409e-08
9.097817511928964378e-08
9.025516380965150944e-08
8.951714779845504923e-08
8.876507688771715616e-08
8.800081646017583715e-08
8.722463006548832225e-08
8.643762707697661357e-08
8.564194608670778116e-08
8.483781588394936848e-08
8.402637591568386705e-08
8.321014928478994675e-08
8.238924879064439934e-08
8.156487242195847732e-08
8.073996397348975684e-08
7.991421404307905560e-08
7.908925427673893440e-08
7.826766123237058267e-08
7.744946335697899778e-08
7.663638421778851794e-08
7.583063727043708543e-08
7.503243332492726705e-08
7.424357988861663460e-08
7.346596539919161601e-08
7.269996200445922179e-08
7.194722449712340604e-08
7.120965314414699390e-08
7.048763285774711078e-08
6.978260831780542942e-08
6.909623627909819777e-08
6.842931421414249990e-08
6.778269281075440697e-08
6.715826398053182421e-08
6.655652239702740236e-08
6.597802962941801651e-08
6.542470001133453386e-08
6.489676548188472976e-08
6.439452435369034222e-08
6.391984502050699805e-08
6.347276094144716197e-08
6.305330652188904094e-08
6.266301620315769107e-08
6.230236819948757075e-08
6.197080656412415848e-08
6.166986898650011819e-08
6.139988991545321304e-08
6.116016188582693855e-08
6.095227809460740421e-08
6.077649717766227946e-08
6.063209662953255570e-08
6.052064860344266640e-08
6.044275374247788495e-08
6.039782739082120406e-08
6.038697793101431114e-08
6.041248015498228612e-08
6.047348016377421318e-08
6.056535791250573336e-08
6.071514758213018441e-08
6.089445626646548989e-08
6.111867601118272304e-08
6.140403767056325480e-08
6.170617883280150395e-08
6.203980407413057196e-08
6.239841590559811274e-08
6.277772160030773632e-08
6.317557522044083032e-08
6.359090334265776448e-08
6.402246886885152942e-08
6.446813477468803694e-08
6.492830589248667286e-08
6.540217202304041534e-08
6.588645673061353442e-08
6.638139004707350122e-08
6.688605328093709964e-08
6.739695685462654846e-08
6.791085143612885434e-08
6.842277736463108893e-08
6.892817805485024454e-08
6.942516369170154098e-08
6.991251127642661993e-08
7.038853645258364685e-08
7.085250588447561213e-08
7.130369302084385213e-08
7.174108438466632212e-08
7.216359663204755507e-08
7.257113945356926524e-08
7.296322628635142786e-08
7.333864869509256041e-08
7.369965597833500260e-08
7.404407314754078921e-08
7.437693505165504104e-08
7.468564508328689074e-08
7.500111162631119938e-08
7.530656675197799794e-08
7.560068330934904982e-08
7.588285906030236332e-08
7.615138695721651709e-08
7.640419336853907137e-08
7.664086748585085754e-08
7.686048946954027523e-08
7.706257780676376422e-08
7.724731060394616755e-08
7.741475526071824334e-08
7.756497575321802186e-08
7.769870314283162664e-08
7.781627405976211986e-08
7.791809174330555312e-08
7.800477413248942949e-08
7.807674400961137820e-08
7.813452483560382416e-08
7.817869092048267001e-08
7.820938470339278148e-08
7.822750051289470551e-08
7.823318008576859842e-08
7.822672270079727529e-08
7.820921324258192538e-08
7.818013442947325827e-08
7.814032629991443647e-08
7.809089799555516302e-08
7.803130777747589300e-08
7.796304831329636112e-08
7.788651207348093321e-08
7.780153316575460440e-08
7.770985021535562299e-08
7.761045420214779827e-08
7.750485499555469990e-08
7.739393449348176252e-08
7.727802668730737583e-08
7.715714392351545294e-08
7.703251367552103682e-08
7.690449209391773896e-08
7.677329613143964490e-08
7.663936999612683040e-08
7.650279758767029249e-08
7.636343289587733940e-08
7.622114920876183385e-08
7.607554409963847014e-08
7.592578279892128169e-08
7.577100160697613475e-08
7.561020690577474128e-08
7.544216606599297366e-08
7.526604012330134863e-08
7.508169816669891622e-08
7.488964139105742891e-08
7.469301659937951648e-08
7.450072318222738694e-08
7.431776088061814152e-08
7.413723911403084850e-08
7.395434235308986448e-08
7.376707583404624685e-08
7.357434432430092178e-08
7.337508497530230354e-08
7.316855254608621849e-08
7.295413576259714885e-08
7.273154624226389010e-08
7.250051712100362297e-08
7.226105871491109341e-08
7.201358318295519404e-08
7.175883146555173758e-08
7.149779754873483738e-08
7.123166567931285461e-08
7.096172604968193245e-08
7.068934989214408301e-08
7.041595085111879991e-08
7.014293940905867860e-08
6.987169007183022600e-08
6.960353458389732760e-08
6.933980670880497410e-08
6.908190661164320518e-08
6.883126571191383908e-08
6.858938545846796463e-08
6.835756353068031475e-08
6.813702866572025649e-08
6.792893567974762091e-08
6.773456354458832607e-08
6.755503463309168419e-08
6.739135918556815315e-08
6.724434925108838387e-08
6.711490745424080303e-08
6.700441770523515806e-08
6.691437280780928566e-08
6.684604822923759935e-08
6.680032062069883385e-08
6.677783019372261197e-08
6.677918649775920760e-08
6.680508931452866513e-08
6.685629319387411949e-08
6.693348313984500690e-08
6.703716988966472193e-08
6.716776712985233275e-08
6.732555747831851060e-08
6.751072060366668826e-08
6.772342550172326072e-08
6.796369389969154006e-08
6.823144731477077490e-08
6.852650952789969986e-08
6.884854431275590122e-08
6.919707877572692041e-08
6.957157015956759813e-08
6.997139031675420121e-08
7.039579276541879861e-08
7.084390633541604617e-08
7.131480368193215755e-08
7.180738278001700912e-08
7.232049928416660875e-08
7.285289587606862811e-08
7.340372214542609156e-08
7.397396749012355523e-08
7.456527226096068699e-08
7.517319666226711316e-08
7.579396917698227047e-08
7.642570973472530087e-08
7.706648298563805524e-08
7.771419479212218942e-08
7.836689773274257973e-08
7.902291993382214293e-08
7.968086518294602458e-08
8.033946039901939737e-08
8.099755575177577637e-08
8.165411633781506478e-08
8.230818009181493310e-08
8.295893688731720030e-08
8.360566093180854269e-08
8.424770314200843100e-08
8.488451999055934261e-08
8.551563073248812999e-08
8.614061064597880308e-08
8.675911716929871560e-08
8.737084002191295139e-08
8.797552446190256443e-08
8.857296824802072130e-08
8.916298518535420907e-08
8.974544297340212605e-08
9.032024573162525691e-08
9.088730148381322055e-08
9.144656536106457083e-08
9.199802485709098244e-08
9.254166072451507750e-08
9.307749431750687135e-08
9.360557943674443433e-08
9.412597398430855938e-08
9.463875469137679845e-08
9.514402525079060643e-08
9.564188899890809322e-08
9.613245994222439010e-08
9.661586681543035976e-08
9.709223068622746851e-08
9.756167831685236112e-08
9.802434854010467912e-08
9.848036971532933704e-08
9.892985832349288160e-08
9.937293780391827768e-08
9.980972001095659134e-08
1.002403007484679775e-07
1.006647799191995066e-07
1.010832511721742463e-07
1.014957894881945198e-07
1.019024685627955158e-07
1.023033541743388093e-07
1.026984953192491727e-07
1.030879274005267186e-07
1.034716781767231128e-07
1.038497568872934375e-07
1.042221571923639142e-07
1.045888602413172178e-07
1.049498345196783408e-07
1.053050296150258468e-07
1.056543716091842793e-07
1.059977718237939205e-07
1.063351195440827997e-07
1.066662829825549507e-07
1.069911055969708800e-07
1.073094083296161044e-07
1.076209927424844303e-07
1.079256384174411895e-07
1.082231050493612547e-07
1.085131355770155464e-07
1.087954684795437519e-07
1.090698397194201892e-07
1.093359867013712813e-07
1.095936503485153684e-07
1.098425837472953693e-07
1.100825577355481928e-07
1.103133623168168511e-07
1.105348105349302401e-07
1.107467351919898350e-07
1.109489917676448407e-07
1.111414635138395551e-07
1.113240571060334568e-07
1.114967006233669553e-07
1.116593437063891029e-07
1.118119601859487949e-07
1.119545456174284570e-07
1.120871134319161050e-07
1.122096933146846860e-07
1.123223300862293677e-07
1.124250898074277325e-07
1.125180524612954720e-07
1.126013077350767303e-07
1.126749543755337645e-07
1.127391071755502573e-07
1.127938904993046626e-07
1.128394361771261058e-07
1.128758845515361073e-07
1.129033824035330850e-07
1.129220855094188106e-07
1.129321542929425178e-07
1.129337546012078708e-07
1.129270545178212574e-07
1.129122296770267204e-07
1.128894564650192474e-07
1.128589129918914665e-07
1.128207809473843262e-07
1.127752423758424088e-07
1.127224810365794152e-07
1.126626854133260352e-07
1.125960434507619981e-07
1.125227453189344365e-07
1.124429863797019460e-07
1.123569683837446847e-07
1.122648984206372435e-07
1.121669869265453230e-07
1.120634528388553214e-07
1.119545244885827316e-07
1.118404371074480861e-07
1.117214359958388100e-07
1.115977778753782724e-07
1.114697299645945438e-07
1.113375670154213516e-07
1.112015778373681355e-07
1.110620627479632115e-07
1.109193299476381783e-07
1.107736960154156346e-07
1.106254823921753027e-07
1.104750155166787851e-07
1.103226252003405810e-07
1.101686384037815415e-07
1.100133816210906933e-07
1.098571778360478125e-07
1.097003419107312567e-07
1.095431767727601553e-07
1.093859756328641336e-07
1.092290147492809936e-07
1.090725558922789331e-07
1.089168450811370895e-07
1.087621099617505267e-07
1.086085607184947267e-07
1.084563861799425403e-07
1.083057600797636170e-07
1.081568373014153223e-07
1.080097516714732680e-07
1.078646223561110197e-07
1.077215527659126080e-07
1.075806351190531956e-07
1.074419483869314135e-07
1.073055618460048516e-07
1.071715389741066234e-07
1.070399389762788966e-07
1.069108149875647234e-07
1.067842228702979874e-07
1.066602235345138070e-07
1.065388804831623633e-07
1.064202620469099487e-07
1.063044387835319435e-07
1.061914839368422951e-07
1.060814637532465021e-07
1.059744373726593617e-07
1.058704515682188600e-07
1.057695327263256666e-07
1.056716804443180002e-07
1.055768605151962904e-07
1.054850010970047657e-07
1.053959845913208683e-07
1.053096508349750318e-07
1.052257974086456954e-07
1.051441839894684133e-07
1.050645422611753444e-07
1.049865787713431321e-07
1.049099734682263260e-07
1.048343905696261989e-07
1.047595246333625205e-07
1.046852222344973511e-07
1.046115672960239480e-07
1.045385944347857079e-07
1.044656856798365441e-07
1.043916898326222660e-07
1.043157960874850902e-07
1.042437018355844144e-07
1.041771067430555579e-07
1.041078565718061763e-07
1.040359798875146991e-07
1.039619480901555513e-07
1.038861162781442904e-07
1.038085278590752988e-07
1.037290428204285775e-07
1.036475555424508743e-07
1.035640736248320782e-07
1.034786820307478858e-07
1.033914879632161774e-07
1.033025921778543643e-07
1.032120790385741783e-07
1.031200177559219757e-07
1.030264636838452580e-07
1.029314572035034512e-07
1.028350220602958495e-07
1.027371725780798999e-07
1.026379165834873761e-07
1.025372539139861949e-07
1.024351867087580381e-07
1.023317200462716326e-07
1.022268610370780780e-07
1.021206250247372478e-07
1.020130430943982871e-07
1.019041596976885630e-07
1.017940283473717591e-07
1.016827138873396081e-07
1.015702846229722452e-07
1.014568076349422049e-07
1.013423541162241523e-07
1.012269966724167569e-07
1.011108026357684986e-07
1.009938334965954594e-07
1.008761421308673663e-07
1.007577706359822021e-07
1.006387456516867747e-07
1.005190870281877605e-07
1.003988085307887656e-07
1.002779164728803157e-07
1.001564113435048901e-07
1.000342865864213303e-07
9.991153488283459994e-08
9.978814354773230274e-08
9.966410268867455036e-08
9.953940461494063755e-08
9.941404252529034049e-08
9.928800992324107225e-08
9.916129990129494627e-08
9.903390563803091405e-08
9.890581512829118961e-08
9.877701800147961845e-08
9.864750243047161109e-08
9.851725366618079788e-08
9.838625431086972071e-08
9.825448719378960474e-08
9.812193097252962098e-08
9.798856216421853003e-08
9.785435680229304246e-08
9.771929178925317694e-08
9.758334131547849377e-08
9.744647862758151852e-08
9.730867293224288947e-08
9.716988840276835521e-08
9.703008208514063734e-08
9.688920481841056619e-08
9.674720401202040160e-08
9.660402243015065709e-08
9.645959756608952129e-08
9.631386008521873389e-08
9.616673755843827624e-08
9.601815462849856205e-08
9.586803281473499087e-08
9.571629277520759275e-08
9.556285565212293385e-08
9.540764155200475209e-08
9.525057097671443162e-08
9.509156574329776096e-08
9.493055454832573445e-08
9.476747234417259036e-08
9.460226196303214681e-08
9.443487275166109766e-08
9.426526054032366126e-08
9.409338685474125629e-08
9.391922202952671497e-08
9.374274622081043771e-08
9.356394790644768578e-08
9.338282156977182191e-08
9.319936930266223768e-08
9.301359694232805005e-08
9.282551467473316866e-08
9.263514045626724105e-08
9.244250269175937656e-08
9.224763938000037498e-08
9.205059768731261840e-08
9.185143825547620826e-08
9.165023720101618108e-08
9.144709160174431311e-08
9.124212413243962701e-08
9.103548748534281197e-08
9.082736905163704599e-08
9.061799393226804529e-08
9.040763287299851706e-08
9.019660992692923211e-08
8.998531226478324208e-08
8.977420277799156826e-08
8.956383365304416154e-08
8.935486704859614865e-08
8.914810406750817386e-08
8.894452953640022905e-08
8.874537514340721953e-08
8.855222348832137562e-08
8.836718164317054765e-08
8.819319677361007727e-08
8.803465964896858721e-08
8.789878350303204107e-08
8.780788481818724414e-08
8.777706114828256915e-08
8.778646309310520122e-08
8.782683725356959681e-08
8.789328707036179654e-08
8.798256078238479186e-08
8.809224824990107533e-08
8.822046744620201953e-08
8.836569666756489778e-08
8.852667300109484388e-08
8.870232964953918015e-08
8.889174971087175469e-08
8.909413642662195509e-08
8.930879345294503135e-08
8.953510796559186274e-08
8.977253743535109279e-08
9.002060338778425480e-08
9.027888522978156634e-08
9.054701465117707368e-08
9.082467586291764063e-08
9.111160293475971389e-08
9.140757665780866295e-08
9.171242377416518446e-08
9.202601544035443756e-08
9.234825975125627234e-08
9.267911875113665161e-08
9.301856680480148059e-08
9.336667501064794911e-08
9.372358047396330534e-08
9.408909699282422553e-08
9.446448232564068448e-08
9.484898599963768829e-08
9.524125376182943017e-08
9.565225917614000010e-08
9.606954423027810883e-08
9.649810790413348892e-08
9.693624150720505199e-08
9.738215492920167543e-08
9.783607721713400233e-08
9.829749516552632389e-08
9.876601562848392878e-08
9.924135827400111294e-08
9.972323234957856418e-08
1.002113697666501939e-07
1.007055228769178860e-07
1.012054558069375125e-07
1.017109408216735326e-07
1.022217545638109987e-07
1.027376740813506442e-07
1.032584743219806452e-07
1.037839286745150751e-07
1.043138080210692781e-07
1.048478811554556974e-07
1.053859149804966404e-07
1.059276754350545509e-07
1.064729304010548414e-07
1.070214524369383867e-07
1.075730198189593464e-07
1.081274174403684091e-07
1.086844385813311885e-07
1.092438855256222076e-07
1.098055704827115954e-07
1.103693180216280625e-07
1.109349638390523536e-07
1.115023541440482645e-07
1.120713468050614945e-07
1.126418108573254789e-07
1.132136245153189465e-07
1.137866784495736506e-07
1.143608711865198010e-07
1.149361090881646843e-07
1.155123090954750308e-07
1.160893947239932735e-07
1.166672954770285144e-07
1.172459478010382868e-07
1.178252915079561903e-07
1.184052690653852031e-07
1.189858289469934649e-07
1.195669225747153052e-07
1.201485025828679278e-07
1.207305231574799828e-07
1.213129372124822702e-07
1.218956953173662257e-07
1.224787492989942763e-07
1.230620499629842266e-07
1.236455443315467821e-07
1.242291765308763612e-07
1.248128870741791563e-07
1.253966099782676584e-07
1.259802785349175286e-07
1.265638223795754322e-07
1.271471652670632513e-07
1.277302266596990301e-07
1.283129229662539204e-07
1.288951634726528544e-07
1.294768558184352807e-07
1.300579034289379390e-07
1.306382051331815685e-07
1.312176560961425809e-07
1.317961487036453888e-07
1.323735700811582963e-07
1.329498032494312276e-07
1.335247325288172341e-07
1.340982375872427280e-07
1.346701960648652244e-07
1.352404819495837124e-07
1.358089678366076473e-07
1.363755220386131512e-07
1.369400152497957159e-07
1.375023171638767823e-07
1.380622953033805405e-07
1.386198149096652568e-07
1.391747422628018097e-07
1.397269435637416625e-07
1.402762855827007582e-07
1.408226367436988646e-07
1.413658676577894193e-07
1.419058482507237953e-07
1.424424513283801623e-07
1.429755532044218089e-07
1.435050318448379079e-07
1.440307687885934773e-07
1.445526500252216882e-07
1.450705644466641329e-07
1.455844046982952041e-07
1.460940680785838453e-07
1.465994567527287866e-07
1.471004774910897150e-07
1.475970427548827654e-07
1.480890690506207889e-07
1.485764781344468199e-07
1.490591971802798834e-07
1.495371578124572854e-07
1.500102977643193560e-07
1.504785595475475035e-07
1.509418906193852200e-07
1.514002435532426670e-07
1.518535762246996842e-07
1.523018506210678715e-07
1.527450336055891135e-07
1.531830984472546654e-07
1.536160217550430655e-07
1.540437854656004458e-07
1.544663758892592192e-07
1.548837829835153155e-07
1.552960023247277327e-07
1.557030336155035472e-07
1.561048794827247566e-07
1.565015468661758935e-07
1.568930467270692414e-07
1.572793927860021928e-07
1.576606032647710252e-07
1.580366997919032993e-07
1.584077069435357454e-07
1.587736512169445078e-07
1.591345611509630005e-07
1.594904669438986065e-07
1.598414023276333077e-07
1.601874027464969981e-07
1.605285050051264803e-07
1.608647470149620035e-07
1.611961658699899217e-07
1.615227990302888877e-07
1.618446846100278574e-07
1.621618607851929129e-07
1.624743652567513069e-07
1.627822349123972455e-07
1.630855047376394455e-07
1.633842074060856065e-07
1.636783739243969345e-07
1.639680350180372465e-07
1.642532199552205303e-07
1.645339559424187089e-07
1.648102666026960136e-07
1.650821738984510643e-07
1.653496973192108192e-07
1.656128559252529911e-07
1.658716683436682705e-07
1.661261519653931292e-07
1.663763224585667603e-07
1.666221939169733379e-07
1.668637801664719914e-07
1.671010957506587916e-07
1.673341563992942346e-07
1.675629793335107589e-07
1.677875816029030522e-07
1.680079807526654152e-07
1.682241966314174889e-07
1.684362510432202507e-07
1.686441685565447038e-07
1.688479763586074884e-07
1.690477036585616585e-07
1.692433812321766091e-07
1.694350424375479731e-07
1.696227242477505073e-07
1.698064666633646274e-07
1.699863135476723609e-07
1.701623095459148202e-07
1.703345019828325907e-07
1.705029397949252723e-07
1.706676756309951714e-07
1.708287653365507491e-07
1.709862642898088534e-07
1.711402325138098189e-07
1.712907276003045688e-07
1.714378090346367637e-07
1.715815357879997683e-07
1.717219720040610846e-07
1.718591821114310776e-07
1.719932278556853887e-07
1.721241701537921405e-07
1.722520691753872360e-07
1.723769830518516250e-07
1.724989689002002042e-07
1.726180811267272134e-07
1.727343741374260633e-07
1.728478984282810216e-07
1.729587021151526318e-07
1.730668327808520892e-07
1.731723358575973884e-07
1.732752536439707868e-07
1.733756270913995405e-07
1.734734968703870289e-07
1.735689026519368271e-07
1.736618800896657680e-07
1.737524626009967575e-07
1.738406814841914642e-07
1.739265672710204310e-07
1.740101479495336863e-07
1.740914492429718322e-07
1.741704962445294947e-07
1.742473095478928273e-07
1.743219068327913528e-07
1.743943029776831770e-07
1.744645100467360654e-07
1.745325393658206264e-07
1.745984008028196352e-07
1.746621011204851709e-07
1.747236428177499811e-07
1.747830268846682879e-07
1.748402519455601173e-07
1.748953137914386570e-07
1.749482068060250039e-07
1.749989248680644112e-07
1.750474582256397696e-07
1.750937924669653522e-07
1.751379126012399354e-07
1.751798017029722078e-07
1.752194416688341431e-07
1.752568141308089185e-07
1.752918996461799253e-07
1.753246740730760721e-07
1.753551140216416794e-07
1.753831967843776546e-07
1.754088989431904632e-07
1.754321970731353712e-07
1.754530673138880245e-07
1.754714877358967087e-07
1.754874377217656007e-07
1.755008963931099207e-07
1.755118418374024167e-07
1.755202542538789561e-07
1.755261163599942735e-07
1.755294118355542661e-07
1.755301272538862624e-07
1.755282499293088161e-07
1.755237684753573346e-07
1.755166716768013943e-07
1.755069516028339231e-07
1.754946037588943119e-07
1.754796255708554691e-07
1.754620160197756699e-07
1.754417766635112138e-07
1.754189131414557655e-07
1.753934328408892516e-07
1.753653467074551724e-07
1.753346705749638689e-07
1.753014252946012841e-07
1.752656353259863492e-07
1.752273314510526621e-07
1.751865500861346492e-07
1.751433366407393401e-07
1.750977437305832462e-07
1.750498319503294538e-07
1.749996792418626801e-07
1.749473973249466100e-07
1.748931123994881200e-07
1.748368433429250528e-07
1.747784506509763682e-07
1.747186159938035844e-07
1.746603739664539057e-07
1.746010017930110585e-07
1.745392798480052402e-07
1.744752915791618241e-07
1.744083129322868160e-07
1.743374841373688289e-07
1.742623345423657009e-07
1.741826461582160451e-07
1.740983178423990551e-07
1.740093071916876143e-07
1.739156060997700328e-07
1.738172252701283587e-07
1.737141924538569535e-07
1.736065489548563261e-07
1.734943466710752092e-07
1.733776469881875655e-07
1.732565190541154028e-07
1.731310394289195375e-07
1.730012919972005583e-07
1.728673677977534868e-07
1.727293606473221329e-07
1.725873710913459170e-07
1.724415064570655275e-07
1.722918783181857290e-07
1.721386041933892652e-07
1.719818062805576893e-07
1.718216107411166154e-07
1.716581475681471292e-07
1.714915526161155406e-07
1.713219631739513201e-07
1.711495206013264238e-07
1.709743711214142606e-07
1.707966636001585897e-07
1.706165507218625283e-07
1.704341893419241457e-07
1.702497384571495662e-07
1.700633596529672278e-07
1.698752191968933689e-07
1.696854841620710021e-07
1.694943239474099010e-07
1.693019113243724957e-07
1.691084217917618238e-07
1.689140351456261337e-07
1.687189312671299499e-07
1.685232931499881313e-07
1.683273076607964196e-07
1.681311666352351697e-07
1.679350613733281412e-07
1.677391835850213768e-07
1.675437272175547979e-07
1.673488890486793205e-07
1.671548684133053735e-07
1.669618674683186175e-07
1.667700909590199005e-07
1.665797448380941006e-07
1.663910364001573653e-07
1.662041756099356636e-07
1.660193755148669748e-07
1.658368566686648667e-07
1.656568367145281154e-07
1.654795356757971413e-07
1.653051763466481676e-07
1.651339857036841883e-07
1.649661938904372795e-07
1.648020355675859686e-07
1.646417500977057195e-07
1.644855802109082853e-07
1.643337727261343873e-07
1.641865807920439900e-07
1.640442618936630939e-07
1.639070794997013253e-07
1.637753042569339053e-07
1.636492137914890167e-07
1.635290933671128421e-07
1.634152368040810119e-07
1.633079476475934963e-07
1.632075400295559048e-07
1.631143394548107407e-07
1.630286846017162862e-07
1.629509269203965196e-07
1.628814357449001539e-07
1.628205998429819068e-07
1.627688299630033597e-07
1.627265636584520481e-07
1.626942711721516028e-07
1.626724604510156267e-07
1.626616872618647691e-07
1.626625617431728124e-07
1.626757545346992372e-07
1.627019927741434005e-07
1.627420569526123553e-07
1.627967547896039872e-07
1.628665758263618414e-07
1.629537415852015419e-07
1.630567966179131324e-07
1.631762838834896679e-07
1.633109085678409711e-07
1.634606188995144480e-07
1.636251794449803400e-07
1.638043912978352778e-07
1.639980419645360580e-07
1.642058956425663119e-07
1.644277250206817157e-07
1.646633476626641146e-07
1.649127094205589181e-07
1.651761386405357583e-07
1.654541429575567504e-07
1.657465027531424174e-07
1.660521691516746308e-07
1.663694476813543410e-07
1.666973771876082867e-07
1.670353445592377178e-07
1.673828348457984140e-07
1.677393975392508749e-07
1.681046381124112968e-07
1.684782066149110468e-07
1.688597864372822240e-07
1.692490906253210058e-07
1.696458575453188783e-07
1.700498468020895788e-07
