1.106806030336168578e-07
1.106772025631943082e-07
1.106735222447078867e-07
1.106693966385323764e-07
1.106645800974464195e-07
1.106587083096864932e-07
1.106512787123160945e-07
1.106417285468697213e-07
1.106293688155966717e-07
1.106135826344735028e-07
1.105938041852557352e-07
1.105695394940758654e-07
1.105400829231445110e-07
1.105048320171293044e-07
1.104631269849658786e-07
1.104143232900745249e-07
1.103577133467347559e-07
1.102927103583848419e-07
1.102188903863577343e-07
1.101358951417834064e-07
1.100433463029678820e-07
1.099411684490885759e-07
1.098292556143700123e-07
1.097074867438428478e-07
1.095761981740580625e-07
1.094352577455873906e-07
1.092850509865202534e-07
1.091260976858582227e-07
1.089584618568331383e-07
1.087826636530034381e-07
1.085996881738681365e-07
1.084094545879296126e-07
1.082124441886918743e-07
1.080100539315161253e-07
1.078023637362794930e-07
1.075898865636721262e-07
1.073737018624967180e-07
1.071537375592521469e-07
1.069304576680526972e-07
1.067045377543340217e-07
1.064759033218294789e-07
1.062453896231949794e-07
1.060127236284808565e-07
1.057778883084379951e-07
1.055412981877414788e-07
1.053020373591747267e-07
1.050603681267505005e-07
1.048153124722473604e-07
1.045667982242026937e-07
1.043146057755361679e-07
1.040571919920473648e-07
1.037949379469811348e-07
1.035263022064132012e-07
1.032503768252053206e-07
1.029664647984606231e-07
1.026730876994112580e-07
1.023692757234825246e-07
1.020544460056724987e-07
1.017267406173545421e-07
1.013853439560936449e-07
1.010287122867570603e-07
1.006569263356210514e-07
1.002680304070700431e-07
9.986035109909651356e-08
9.943498982591251471e-08
9.899007177523481603e-08
9.852469912411274384e-08
9.803878718367799964e-08
9.753142980244928477e-08
9.700208985099203475e-08
9.645081987155207592e-08
9.587726114214820828e-08
9.528121559420224534e-08
9.466290669542632688e-08
9.402264552390316926e-08
9.336046584601101809e-08
9.267687806522412846e-08
9.197279354993740092e-08
9.124837133835727007e-08
9.050480707351469439e-08
8.974310066654785880e-08
8.896391952830534060e-08
8.816861090625663231e-08
8.735864782712346255e-08
8.653485329624484638e-08
8.569918957493129183e-08
8.485300473228998655e-08
8.399761339477030079e-08
8.313502898930764729e-08
8.226686478049581038e-08
8.139462518484880560e-08
8.052013749728608480e-08
7.964585130901909883e-08
7.877299256495722224e-08
7.790353532556244824e-08
7.704005072736924415e-08
7.618363668831227953e-08
7.533622176333905248e-08
7.450060879822784255e-08
7.367761070645760684e-08
7.286899335552768333e-08
7.207786456305963434e-08
7.130441964525021647e-08
7.055055149922940703e-08
6.981878007106743481e-08
6.910928027508948430e-08
6.842368316127972455e-08
6.776393190774538207e-08
6.713002558971106545e-08
6.652335376972963961e-08
6.594526271703677263e-08
6.539567236655994015e-08
6.487546711201416833e-08
6.438577459801601317e-08
6.392630985502931750e-08
6.349745110443013380e-08
6.309995964359719236e-08
6.273346898226710446e-08
6.239789810620604785e-08
6.209403064843518342e-08
6.182120466246933221e-08
6.157905091238926278e-08
6.136844910816687320e-08
6.118861184710177986e-08
6.103888052312398437e-08
6.092028022691249217e-08
6.083190883742000557e-08
6.077293429456091842e-08
6.074424949953019745e-08
6.074563588535059317e-08
6.077596438013114448e-08
6.083634038171182968e-08
6.092683348692049286e-08
6.104593274220395879e-08
6.119496923029954294e-08
6.137658090601764105e-08
6.158170277560876615e-08
6.182741301141798194e-08
6.210559596942911582e-08
6.238941795158748573e-08
6.276824460551843803e-08
6.313806627342573650e-08
6.354270126822882750e-08
6.397123443637862860e-08
6.441477871134887038e-08
6.488055457631886865e-08
6.536381404456530423e-08
6.586477261532554394e-08
6.638149706795526322e-08
6.690855116829356791e-08
6.744329555054799183e-08
6.798046212075470999e-08
6.851094408079481259e-08
6.903142345735093046e-08
6.954024037658315530e-08
7.003409358019838839e-08
7.051259582033610073e-08
7.097548291037699602e-08
7.142204910688904139e-08
7.185232830758402617e-08
7.226648404066083939e-08
7.266439056301155695e-08
7.304596397116703109e-08
7.341154019290978981e-08
7.376110835338466276e-08
7.409411802495810985e-08
7.441107571638285107e-08
7.471145745423897061e-08
7.499461535598972054e-08
7.526064416219511678e-08
7.550916713476154067e-08
7.573922014833582905e-08
7.595161365596926372e-08
7.614599904497375240e-08
7.632108856029747209e-08
7.647977125403217922e-08
7.662052467523296246e-08
7.674597161555778701e-08
7.685127637158379809e-08
7.695118078919596576e-08
7.703681813323593186e-08
7.710805171878223722e-08
7.716410132726809112e-08
7.720403653601291043e-08
7.722559575858597145e-08
7.722909066275078351e-08
7.721385020375806778e-08
7.717939873488160968e-08
7.712542737876405485e-08
7.705170425036661295e-08
7.695831505496502456e-08
7.684595486137368217e-08
7.671507429617821174e-08
7.656639630456942952e-08
7.640046161787347792e-08
7.621774084110048513e-08
7.601921862334600895e-08
7.580546377551724897e-08
7.557682283668403624e-08
7.533508891648416392e-08
7.508056689172845033e-08
7.481386041099510897e-08
7.453766101234033362e-08
7.425038555265211257e-08
7.395363727766568029e-08
7.365025739299695698e-08
7.333931746554997171e-08
7.302317366940711772e-08
7.270376578258923299e-08
7.238007888860755636e-08
7.205632082015932113e-08
7.173149308265426632e-08
7.140968219645212653e-08
7.109268157112712620e-08
7.078272647820620600e-08
7.048255786985681015e-08
7.019672270247031117e-08
6.992927649440647317e-08
6.968161802787698475e-08
6.945104238128687625e-08
6.923213575933566320e-08
6.901974197238347918e-08
6.881018280003953670e-08
6.860106538613277131e-08
6.839078156350108887e-08
6.817841230362280046e-08
6.796347952448662747e-08
6.774576026822005633e-08
6.752529913355678370e-08
6.730250114105042145e-08
6.707785336869317566e-08
6.685226808575904328e-08
6.662733719186541315e-08
6.640368604014336900e-08
6.618229204050452368e-08
6.596414774029793991e-08
6.575027010181160317e-08
6.554187441040284029e-08
6.533998961503102128e-08
6.514566369724934668e-08
6.495996822553265722e-08
6.478416212585249774e-08
6.461948609538455940e-08
6.446716696598232416e-08
6.432852641484155357e-08
6.420508635880484306e-08
6.409841803026806414e-08
6.401011293733754983e-08
6.394174157018633428e-08
6.389478668832738363e-08
6.387069801786256795e-08
6.387073593809655436e-08
6.389598331809200983e-08
6.394737268000732401e-08
6.402564929294478739e-08
6.413154181057984947e-08
6.426562802485865850e-08
6.442836241118136032e-08
6.461991785143022181e-08
6.484031253019262071e-08
6.508938086649435978e-08
6.536699825756360640e-08
6.567326751216328666e-08
6.600879786925519790e-08
6.637351034822027911e-08
6.676562711560709393e-08
6.718192094225353241e-08
6.763483428806829844e-08
6.812299061035458827e-08
6.862869675587635436e-08
6.915162859964421323e-08
6.969095545195092700e-08
7.024468656406591170e-08
7.081003448687178625e-08
7.138430297085889004e-08
7.196495256729076823e-08
7.254974098045409069e-08
7.313668273124446939e-08
7.372389474459426978e-08
7.430958635721220564e-08
7.489200451635329088e-08
7.546958219012707262e-08
7.604081727655613519e-08
7.660432867030113838e-08
7.715893347442379374e-08
7.770355629203358368e-08
7.823721840566670784e-08
7.875902365334109081e-08
7.926815175518063884e-08
7.976391396951910032e-08
8.024569352522388937e-08
8.071311139413934128e-08
8.116582831274036503e-08
8.160374027071632628e-08
8.202681271171742573e-08
8.243512692545613171e-08
8.282887732316183371e-08
8.320826066391943559e-08
8.357353742792246682e-08
8.392497095914432477e-08
8.426299491605101452e-08
8.458807041401532354e-08
8.490067548236624426e-08
8.520136626936861423e-08
8.549065238061270894e-08
8.576906705836476233e-08
8.603716550006924120e-08
8.629548390196337593e-08
8.654460594620453902e-08
8.678509423083203185e-08
8.701748154895394217e-08
8.724229613698916586e-08
8.746002236639712849e-08
8.767110023193209675e-08
8.787595550494407465e-08
8.807496661301605633e-08
8.826849316973380390e-08
8.845686902504328067e-08
8.864037193222983796e-08
8.881926694905856358e-08
8.899378109505051258e-08
8.916407819375051018e-08
8.933030310168835060e-08
8.949256009375779710e-08
8.965087360358347806e-08
8.980523802777628051e-08
8.995560586022152631e-08
9.010185783779240592e-08
9.024382750779195558e-08
9.038131290765680325e-08
9.051404928136642980e-08
9.064173158922110780e-08
9.076402972309753881e-08
9.088056917676699133e-08
9.099095043100572843e-08
9.109477209740999618e-08
9.119161729342673218e-08
9.128106224168266196e-08
9.136270517955785335e-08
9.143615463435086395e-08
9.150103199423982210e-08
9.155700509157749200e-08
9.160377506573021527e-08
9.164107160101681954e-08
9.166867567456969130e-08
9.168641064627431627e-08
9.169413378201383110e-08
9.169173839054649763e-08
9.167916141343480785e-08
9.165637279074385890e-08
9.162336971242816338e-08
9.158018061003386443e-08
9.152686110247319393e-08
9.146348390245661084e-08
9.139013221469549776e-08
9.130691111951685811e-08
9.121393911859057076e-08
9.111134543909008279e-08
9.099926478827422990e-08
9.087784047244647350e-08
9.074722744745853632e-08
9.060758908784973538e-08
9.045909663987848711e-08
9.030192666470418839e-08
9.013627262862265757e-08
8.996233988473780564e-08
8.978034551094456221e-08
8.959051878264284914e-08
8.939310282361591203e-08
8.918835483053226037e-08
8.897654639071142770e-08
8.875796477021586828e-08
8.853290769858062565e-08
8.830168264759574770e-08
8.806461834485008075e-08
8.782205613741102680e-08
8.757434894157665284e-08
8.732186327419124733e-08
8.706498239275588317e-08
8.680410413163490978e-08
8.653963927577695396e-08
8.627201199794690833e-08
8.600165633430069124e-08
8.572902333447139749e-08
8.545457552161858558e-08
8.517878124446866163e-08
8.490211272718896619e-08
8.462505649517880581e-08
8.434810461574418411e-08
8.407174708890727353e-08
8.379647788162153889e-08
8.352279457409986684e-08
8.325119361729840230e-08
8.298216577524752487e-08
8.271619795539451831e-08
8.245376773573765553e-08
8.219533949695988280e-08
8.194136016882053656e-08
8.169225635683405972e-08
8.144843310588025482e-08
8.121026879545289248e-08
8.097811180282525670e-08
8.075228326779447067e-08
8.053306938766569434e-08
8.032072782099209459e-08
8.011548394188065746e-08
7.991753375974714308e-08
7.972704495876316804e-08
7.954415170278465836e-08
7.936896098444113469e-08
7.920156179357653163e-08
7.904203379457159232e-08
7.889045170732021795e-08
7.874685967043966875e-08
7.861125315777732294e-08
7.848376997262203169e-08
7.836522664967045875e-08
7.825694640342473289e-08
7.815847811848591108e-08
7.806861848981173050e-08
7.799272879996869474e-08
7.793087671006800920e-08
7.787510582959289413e-08
7.782393604246832817e-08
7.777677604098868231e-08
7.773278756888385137e-08
7.769109538707729276e-08
7.765093192757929492e-08
7.761163722352228087e-08
7.757262930411870281e-08
7.753339484081492805e-08
7.749348539344826337e-08
7.745250880481272312e-08
7.741012628939081494e-08
7.736604347820085770e-08
7.732001319639370867e-08
7.727182403944500300e-08
7.722129366842591688e-08
7.716827443667458240e-08
7.711264303079966551e-08
7.705430472448756947e-08
7.699318793075229080e-08
7.692923920602191159e-08
7.686242708229248421e-08
7.679274070502097959e-08
7.672018428514324620e-08
7.664478035189604459e-08
7.656657093523265028e-08
7.648560836235086948e-08
7.640195038837998735e-08
7.631565488339580249e-08
7.622678113141247455e-08
7.613537339895185933e-08
7.604146623861728969e-08
7.594508111248482275e-08
7.584622213476701922e-08
7.574487367931029588e-08
7.564099879483636980e-08
7.553454492333425215e-08
7.542543987016453666e-08
7.531360333410146329e-08
7.519895312362879852e-08
7.508140480141457723e-08
7.496088312888125542e-08
7.483732503176959667e-08
7.471068095806208257e-08
7.458092157595274729e-08
7.444803333756516181e-08
7.431201971037697943e-08
7.417289307792711799e-08
7.403066987124857367e-08
7.388536330741877234e-08
7.373697293591421690e-08
7.358548210476795174e-08
7.343084752172263002e-08
7.327299087667110705e-08
7.311179654833939222e-08
7.294710644965552528e-08
7.277871860233517624e-08
7.260639207976535834e-08
7.242985268600089301e-08
7.224880387067887852e-08
7.206293095234035714e-08
7.187191456503781434e-08
7.167544385348116144e-08
7.147322843532791204e-08
7.126501859823003783e-08
7.105060802691411410e-08
7.082984626038727530e-08
7.060263644430678160e-08
7.036893592904813210e-08
7.012875056118259306e-08
6.988215071953453529e-08
6.962925802060881835e-08
6.937023276504161343e-08
6.910527927103349857e-08
6.883463653577906764e-08
6.855856005771786136e-08
6.827733169833560480e-08
6.799126023394185101e-08
6.770067301695784795e-08
6.740590935449589034e-08
6.710732760799553956e-08
6.680529590316288887e-08
6.650019303081898133e-08
6.619241977785203350e-08
6.588239863245596519e-08
6.557057343151144377e-08
6.525740867313530737e-08
6.494339083126834045e-08
6.462903067753076768e-08
6.431486378811724952e-08
6.400145454802754842e-08
6.368939753450695237e-08
6.337931169054886896e-08
6.307183457794621422e-08
6.276761616499514258e-08
6.246732662156579071e-08
6.217163731303045143e-08
6.188122264078587207e-08
6.159675294712376605e-08
6.131888173520325016e-08
6.104823143863394309e-08
6.078538910324178167e-08
6.053089694737008240e-08
6.028523275947011695e-08
6.004880924038095503e-08
5.982196719137939569e-08
5.960496461043397220e-08
5.939797679792366362e-08
5.920109723794094802e-08
5.901433800140573401e-08
5.883763048736404540e-08
5.867083921953112204e-08
5.851377225171430676e-08
5.836619150382765701e-08
5.822783067041231956e-08
5.809840760205505354e-08
5.797763942700888856e-08
5.786525870378021251e-08
5.776103661844564322e-08
5.766480419652214326e-08
5.757647368927588724e-08
5.749605191124354427e-08
5.742364474779876682e-08
5.735943872493358297e-08
5.730367854145731943e-08
5.725665378554738778e-08
5.721874960449392400e-08
5.719053798061007649e-08
5.717277780155381954e-08
5.716609039568821802e-08
5.717044758561792862e-08
5.718509304635908471e-08
5.720901427283218837e-08
5.724137472359654608e-08
5.728163350942037980e-08
5.732949612058921137e-08
5.738484020959618782e-08
5.744765778986744058e-08
5.751800344261862523e-08
5.759597298228587726e-08
5.768169641222822005e-08
5.777533094200582710e-08
5.787706002967669463e-08
5.798709030855342046e-08
5.810564953837041062e-08
5.823297975776301268e-08
5.836933896853543614e-08
5.851500356253481228e-08
5.867026813844234847e-08
5.883544947291125747e-08
5.901088610477263020e-08
5.919694120516020916e-08
5.939399492885414660e-08
5.960250836217656087e-08
5.982306821789151064e-08
6.005593084380758088e-08
6.030128733358003791e-08
6.056465188138823760e-08
6.084516208802534992e-08
6.113937263266626110e-08
6.144831938859878562e-08
6.176863131522794379e-08
6.209850937253272480e-08
6.243718302518507608e-08
6.278387558023771049e-08
6.313784202708021431e-08
6.349842051724534655e-08
6.386500807098694514e-08
6.423705443294948790e-08
6.461404611071543188e-08
6.499550556658137025e-08
6.538098561976234107e-08
6.577006753775714808e-08
6.616235689878475594e-08
6.655748564980238835e-08
6.695511348372985477e-08
6.735492375199022100e-08
6.775662450437307585e-08
6.815993705767699394e-08
6.856460053835058027e-08
6.897036942834547796e-08
6.937701522990135293e-08
6.978431738854660908e-08
7.019207057233158621e-08
7.060008251644868340e-08
7.100816225811332088e-08
7.141612463655691537e-08
7.182379387876801467e-08
7.223099584643123801e-08
7.263755855816992633e-08
7.304331414170080531e-08
7.344810210348747761e-08
7.385175720337344158e-08
7.425411509476325819e-08
7.465501385189568066e-08
7.505429045689467850e-08
7.545177393779914833e-08
7.584729724976961741e-08
7.624069386427922527e-08
7.663179398627875587e-08
7.702042394404941102e-08
7.740640569458089864e-08
7.778955515852933398e-08
7.816968323747898059e-08
7.854660213298104336e-08
7.892012109551284809e-08
7.929004683350327548e-08
7.965618070434884425e-08
8.001831902447059791e-08
8.037625588412023499e-08
8.072978597253977440e-08
8.107870439907300121e-08
8.142280777264483492e-08
8.176189469696928207e-08
8.209576398687018226e-08
8.242421930981968887e-08
8.274706610041287823e-08
8.306411562214423279e-08
8.337518790832431139e-08
8.368011195158861427e-08
8.397872291436986742e-08
8.427086582156339511e-08
8.455639704003001318e-08
8.483518006103733590e-08
8.510709196615890152e-08
8.537202279164227866e-08
8.562987273867856568e-08
8.588055530182850464e-08
8.612399539813965028e-08
8.636012823014323401e-08
8.658890398054736343e-08
8.681028708694920585e-08
8.702425291426029776e-08
8.723078940760209862e-08
8.742989703024114712e-08
8.762158922209366010e-08
8.780588966603119798e-08
8.798283774014706940e-08
8.815248344788685488e-08
8.831488782077661407e-08
8.847012383276464443e-08
8.861827533054233708e-08
8.875943549182668702e-08
8.889370803509682474e-08
8.902120494874470232e-08
8.914204774155744354e-08
8.925636807739332115e-08
8.936430450787654430e-08
8.946600148432153333e-08
8.956160857748628366e-08
8.965127937875595007e-08
8.973517276578238819e-08
8.981345463980165560e-08
8.988629395983882889e-08
8.995386060716798116e-08
9.001632533074102560e-08
9.007386020413704279e-08
9.012663874809235951e-08
9.017483760098055941e-08
9.021863257927755807e-08
9.025819593322197011e-08
9.029369640363425136e-08
9.032530191453406475e-08
9.035317937659707136e-08
9.037749431107297681e-08
9.039840707618246812e-08
9.041607285944800535e-08
9.043064097875815304e-08
9.044225542809927462e-08
9.045105647894413760e-08
9.045718009535881544e-08
9.046075612725496776e-08
9.046190567384017925e-08
9.046074103236205049e-08
9.045736669304518126e-08
9.045188187318874236e-08
9.044438043100415336e-08
9.043494936330225379e-08
9.042366533439613237e-08
9.041059547551329973e-08
9.039579801591840208e-08
9.037932429074383637e-08
9.036121950697608372e-08
9.034152146707594903e-08
9.032025698448419273e-08
9.029744373802315217e-08
9.027309077723604207e-08
9.024719970887458904e-08
9.021976648843380140e-08
9.019078079920668717e-08
9.016022458852013282e-08
9.012807367274216555e-08
9.009430042961963945e-08
9.005887451469577744e-08
9.002176574836524722e-08
8.998294497147349683e-08
8.994238375366797167e-08
8.990005577238168897e-08
8.985593873831079666e-08
8.981001484431347454e-08
8.976227311031770772e-08
8.971270910501922835e-08
8.966132386862728962e-08
8.960812442465368542e-08
8.955312410925354655e-08
8.949634219746863811e-08
8.943780434402715666e-08
8.937754078085883603e-08
8.931558634244412881e-08
8.925197979476685932e-08
8.918676334489031312e-08
8.911998256475469871e-08
8.905168571368773116e-08
8.898192233666268526e-08
8.891074309254952173e-08
8.883819943146235576e-08
8.876434413886292921e-08
8.868922959714081514e-08
8.861290814695738200e-08
8.853543132861256635e-08
8.845685031546918355e-08
8.837721417629302678e-08
8.829657153882929446e-08
8.821496985650525666e-08
8.813245518271562848e-08
8.804907182001671490e-08
8.796486264672788916e-08
8.787986889460262302e-08
8.779412996770561847e-08
8.770768445909070479e-08
8.762056881857021378e-08
8.753281740037068121e-08
8.744446389421084018e-08
8.735554212047958192e-08
8.726608428428996820e-08
8.717612376323654231e-08
8.708569431077505639e-08
8.699482854304923760e-08
8.690356228571615876e-08
8.681193588942383527e-08
8.671999428407199688e-08
8.662778747893992532e-08
8.653537619407713977e-08
8.644283092549830154e-08
8.635023586951539315e-08
8.625769432265378106e-08
8.616533567197500879e-08
8.607330962471116579e-08
8.598180098918214652e-08
8.589121194209216843e-08
8.580229235557074976e-08
8.571496350130875542e-08
8.562946490367302897e-08
8.555107377546232564e-08
8.547322191918518050e-08
8.539481787122969004e-08
8.531563074098464952e-08
8.523513269924549501e-08
8.515283288745847573e-08
8.506836309422907792e-08
8.498143081766799234e-08
8.489179271441995028e-08
8.479924261050007693e-08
8.470360560840096078e-08
8.460473190154841044e-08
8.450248826506026784e-08
8.439675959983099782e-08
8.428744491335131399e-08
8.417445281673191358e-08
8.405770205446231433e-08
8.393711694079883580e-08
8.381262127588077408e-08
8.368414874379126874e-08
8.355163395320006825e-08
8.341501571667049799e-08
8.327423523094475123e-08
8.312923528287523713e-08
8.297996327618293150e-08
8.282636962074762405e-08
8.266840844729968361e-08
8.250603654308488456e-08
8.233921143970955130e-08
8.216789518020489758e-08
8.199205415208040604e-08
8.181165983059733050e-08
8.162668654836209517e-08
8.143711261750381285e-08
8.124292265026828209e-08
8.104410520604211903e-08
8.084065216666892336e-08
8.063256088060018483e-08
8.041983476480099837e-08
8.020248053877429809e-08
7.998050878302836702e-08
7.975393933987695078e-08
7.952279488723320765e-08
7.928710046264183136e-08
7.904688338169285084e-08
7.880217802500343684e-08
7.855302426686962463e-08
7.829946600900220150e-08
7.804155253242030144e-08
7.777934053088668803e-08
7.751288869087022551e-08
7.724225935106026707e-08
7.696752209214304109e-08
7.668875174650316225e-08
7.640602904162140111e-08
7.611944269339931250e-08
7.582908425288258363e-08
7.553504957607125009e-08
7.523744224794069434e-08
7.493637444162123071e-08
7.463196269373391748e-08
7.432433018100342704e-08
7.401361015234923018e-08
7.369994016111965477e-08
7.338346354058788976e-08
7.306433222789389510e-08
7.274270475445152141e-08
7.241874747656125376e-08
7.209263538013476327e-08
7.176455109342316163e-08
7.143468720212434239e-08
7.110324361242355438e-08
7.077043035410943175e-08
7.043647102191060901e-08
7.010159665317283914e-08
6.976604818347953191e-08
6.943007735015673187e-08
6.909394956171096781e-08
6.875794711826478388e-08
6.842236678501812457e-08
6.808751712514683049e-08
6.775372172591278732e-08
6.742131935538369549e-08
6.709066657048923113e-08
6.676214261108012566e-08
6.643614810845977070e-08
6.611309997030351118e-08
6.579343853356750682e-08
6.547763120185023823e-08
6.516616924008240342e-08
6.485957102978250429e-08
6.455838478016999755e-08
6.426318732812554333e-08
6.397458500039776685e-08
6.369321288660341626e-08
6.341973193932380271e-08
6.315482625721794205e-08
6.289919554430533620e-08
6.265354853199881669e-08
6.241859359725830070e-08
6.219502617445769548e-08
6.198351354698390160e-08
6.178468163988422528e-08
6.159910130490915357e-08
6.142727891856685233e-08
6.126965653129008867e-08
6.112662848816285127e-08
6.099857785520631555e-08
6.088592270374421011e-08
6.078914028855763637e-08
6.070869482777419034e-08
6.064485979095062067e-08
6.059770273356166279e-08
6.056765835594467863e-08
6.055655146908974797e-08
6.056618121430332859e-08
6.059416669079431857e-08
6.063656764882318099e-08
6.069102216967258198e-08
6.075628720536714862e-08
6.083157070359855877e-08
6.091624579714388755e-08
6.100974663951896107e-08
6.111153309108743326e-08
6.122109288639837231e-08
6.133795105203088873e-08
6.146167997364384387e-08
6.159190235435476615e-08
6.172829331418462329e-08
6.187057258363417668e-08
6.201850001157807394e-08
6.217187722086438325e-08
6.233053779195069123e-08
6.249433935132150220e-08
6.266316058585836632e-08
6.283690076211162427e-08
6.301547027383664267e-08
6.319879449203736553e-08
6.338680801322151140e-08
6.357945452035500645e-08
6.377668520739085365e-08
6.397845972032560924e-08
6.418474080860237275e-08
6.439549693578135489e-08
6.461070257199127716e-08
6.483033521100554522e-08
6.505437549610218630e-08
6.528280278333003392e-08
6.551559952098688789e-08
6.575274469181348901e-08
6.599422236640621667e-08
6.624001659145086161e-08
6.649011479973314361e-08
6.674449598982132874e-08
6.700314194499323714e-08
6.726603647912520554e-08
6.753316402827920009e-08
6.780450734619570865e-08
6.808005274248499557e-08
6.835978597726765000e-08
6.864369763399571895e-08
6.893178732248371349e-08
6.922406248948473455e-08
6.952054340574169984e-08
6.982127945331540366e-08
7.012634743238947811e-08
7.043603805338642376e-08
7.075051435113531789e-08
7.107108793993401168e-08
7.139768729038919665e-08
7.172715040224658213e-08
7.205879882167868891e-08
7.239189868166486984e-08
7.272590262193633776e-08
7.306040535394638251e-08
7.339508992104380927e-08
7.372969613408771917e-08
7.406400188420102859e-08
7.439780651596379346e-08
7.473092412968790253e-08
7.506317845270358692e-08
7.539439888170668546e-08
7.572441676716853726e-08
7.605306784260594709e-08
7.638018781559451515e-08
7.670561520535194644e-08
7.702919128322773933e-08
7.735075989410560044e-08
7.767016615675193043e-08
7.798725752663987754e-08
7.830188553112867607e-08
7.861390444215818737e-08
7.892317599974149735e-08
7.922956580306956730e-08
7.953294156599417765e-08
7.983317508075222727e-08
8.013014087277672216e-08
8.042371504897139962e-08
8.071377940383351543e-08
8.100022073615877103e-08
8.128292937424867770e-08
8.156179599302960759e-08
8.183671354534295730e-08
8.210757705038100082e-08
8.237428340375115950e-08
8.263673355885809620e-08
8.289483135413118530e-08
8.314848110114267787e-08
8.339758760606963723e-08
8.364205627183637144e-08
8.388179416745930387e-08
8.411671297030797729e-08
8.434672754522004336e-08
8.457175564567339894e-08
8.479171811326627004e-08
8.500654109526337761e-08
8.521615559335256832e-08
8.542049984210010877e-08
8.561952108341662973e-08
8.581317340298584528e-08
8.600141739157087173e-08
8.618422272500268134e-08
8.636156862599073695e-08
8.653344486871665382e-08
8.669985285735579860e-08
8.686080283551324206e-08
